Thu Sep  7 19:45:09 JST 2023
-8.900000e+00	9.059922e-02	1.258925e-07
-8.886094e+00	9.227379e-02	1.299889e-07
-8.872187e+00	8.873404e-02	1.342185e-07
-8.858281e+00	8.221359e-02	1.385858e-07
-8.844375e+00	7.882449e-02	1.430952e-07
-8.830469e+00	7.726214e-02	1.477513e-07
-8.816562e+00	7.845364e-02	1.525589e-07
-8.802656e+00	7.507298e-02	1.575229e-07
-8.788750e+00	7.067329e-02	1.626485e-07
-8.774844e+00	6.690038e-02	1.679408e-07
-8.760938e+00	6.756754e-02	1.734054e-07
-8.747031e+00	6.649326e-02	1.790477e-07
-8.733125e+00	6.275639e-02	1.848736e-07
-8.719219e+00	5.900333e-02	1.908892e-07
-8.705312e+00	5.927284e-02	1.971004e-07
-8.691406e+00	5.826866e-02	2.035137e-07
-8.677500e+00	5.469782e-02	2.101358e-07
-8.663594e+00	5.242336e-02	2.169733e-07
-8.649687e+00	5.356801e-02	2.240333e-07
-8.635781e+00	5.009057e-02	2.313230e-07
-8.621875e+00	4.748041e-02	2.388499e-07
-8.607969e+00	4.818662e-02	2.466217e-07
-8.594062e+00	4.547287e-02	2.546464e-07
-8.580156e+00	4.337445e-02	2.629322e-07
-8.566250e+00	4.374269e-02	2.714876e-07
-8.552344e+00	4.041151e-02	2.803214e-07
-8.538437e+00	4.048440e-02	2.894426e-07
-8.524531e+00	3.902374e-02	2.988607e-07
-8.510625e+00	3.694864e-02	3.085851e-07
-8.496719e+00	3.709165e-02	3.186260e-07
-8.482812e+00	3.453735e-02	3.289936e-07
-8.468906e+00	3.492841e-02	3.396986e-07
-8.455000e+00	3.252751e-02	3.507519e-07
-8.441094e+00	3.262476e-02	3.621648e-07
-8.427188e+00	3.056857e-02	3.739491e-07
-8.413281e+00	3.100172e-02	3.861168e-07
-8.399375e+00	2.863123e-02	3.986805e-07
-8.385469e+00	2.901602e-02	4.116530e-07
-8.371562e+00	2.714322e-02	4.250475e-07
-8.357656e+00	2.685917e-02	4.388779e-07
-8.343750e+00	2.567137e-02	4.531584e-07
-8.329844e+00	2.475585e-02	4.679035e-07
-8.315937e+00	2.436679e-02	4.831283e-07
-8.302031e+00	2.333668e-02	4.988486e-07
-8.288125e+00	2.248274e-02	5.150804e-07
-8.274219e+00	2.207918e-02	5.318403e-07
-8.260312e+00	2.154851e-02	5.491456e-07
-8.246406e+00	2.043306e-02	5.670140e-07
-8.232500e+00	1.965956e-02	5.854637e-07
-8.218594e+00	1.927024e-02	6.045138e-07
-8.204688e+00	1.883800e-02	6.241838e-07
-8.190781e+00	1.839427e-02	6.444938e-07
-8.176875e+00	1.779161e-02	6.654647e-07
-8.162969e+00	1.715703e-02	6.871179e-07
-8.149063e+00	1.648183e-02	7.094757e-07
-8.135156e+00	1.586635e-02	7.325609e-07
-8.121250e+00	1.554675e-02	7.563974e-07
-8.107344e+00	1.533839e-02	7.810094e-07
-8.093438e+00	1.472193e-02	8.064222e-07
-8.079531e+00	1.439003e-02	8.326620e-07
-8.065625e+00	1.382420e-02	8.597556e-07
-8.051719e+00	1.324875e-02	8.877307e-07
-8.037813e+00	1.284441e-02	9.166161e-07
-8.023906e+00	1.257747e-02	9.464414e-07
-8.010000e+00	1.209016e-02	9.772372e-07
-7.996094e+00	1.158650e-02	1.009035e-06
-7.982187e+00	1.153007e-02	1.041868e-06
-7.968281e+00	1.091719e-02	1.075768e-06
-7.954375e+00	1.085711e-02	1.110772e-06
-7.940469e+00	1.015395e-02	1.146915e-06
-7.926563e+00	1.001649e-02	1.184234e-06
-7.912656e+00	9.716097e-03	1.222767e-06
-7.898750e+00	9.284884e-03	1.262554e-06
-7.884844e+00	9.040177e-03	1.303636e-06
-7.870937e+00	8.909655e-03	1.346054e-06
-7.857031e+00	8.535423e-03	1.389853e-06
-7.843125e+00	8.377736e-03	1.435076e-06
-7.829219e+00	8.055252e-03	1.481772e-06
-7.815312e+00	7.996465e-03	1.529986e-06
-7.801406e+00	7.821118e-03	1.579770e-06
-7.787500e+00	7.387014e-03	1.631173e-06
-7.773594e+00	7.186891e-03	1.684249e-06
-7.759688e+00	7.089969e-03	1.739052e-06
-7.745781e+00	6.767031e-03	1.795638e-06
-7.731875e+00	6.667682e-03	1.854065e-06
-7.717969e+00	6.412878e-03	1.914394e-06
-7.704062e+00	6.305693e-03	1.976685e-06
-7.690156e+00	6.243036e-03	2.041004e-06
-7.676250e+00	5.872647e-03	2.107415e-06
-7.662344e+00	5.752702e-03	2.175987e-06
-7.648437e+00	5.573613e-03	2.246790e-06
-7.634531e+00	5.550119e-03	2.319897e-06
-7.620625e+00	5.448061e-03	2.395383e-06
-7.606719e+00	5.200437e-03	2.473325e-06
-7.592812e+00	5.187577e-03	2.553804e-06
-7.578906e+00	5.003255e-03	2.636901e-06
-7.565000e+00	4.815635e-03	2.722701e-06
-7.551094e+00	4.753569e-03	2.811294e-06
-7.537187e+00	4.703588e-03	2.902769e-06
-7.523281e+00	4.695349e-03	2.997221e-06
-7.509375e+00	4.631712e-03	3.094746e-06
-7.495469e+00	4.518006e-03	3.195444e-06
-7.481562e+00	4.649414e-03	3.299419e-06
-7.467656e+00	4.523849e-03	3.406777e-06
-7.453750e+00	4.572006e-03	3.517629e-06
-7.439844e+00	4.511585e-03	3.632087e-06
-7.425937e+00	4.634187e-03	3.750270e-06
-7.412031e+00	4.591772e-03	3.872298e-06
-7.398125e+00	4.572262e-03	3.998297e-06
-7.384219e+00	4.749641e-03	4.128395e-06
-7.370313e+00	4.752224e-03	4.262727e-06
-7.356406e+00	4.821020e-03	4.401430e-06
-7.342500e+00	5.057656e-03	4.544645e-06
-7.328594e+00	5.106294e-03	4.692521e-06
-7.314687e+00	4.930156e-03	4.845209e-06
-7.300781e+00	4.616663e-03	5.002865e-06
-7.286875e+00	4.440017e-03	5.165650e-06
-7.272969e+00	4.252858e-03	5.333733e-06
-7.259062e+00	4.118584e-03	5.507284e-06
-7.245156e+00	3.949280e-03	5.686483e-06
-7.231250e+00	3.769025e-03	5.871513e-06
-7.217344e+00	3.623411e-03	6.062563e-06
-7.203438e+00	3.497309e-03	6.259829e-06
-7.189531e+00	3.451402e-03	6.463515e-06
-7.175625e+00	3.370105e-03	6.673828e-06
-7.161719e+00	3.437548e-03	6.890984e-06
-7.147813e+00	3.305024e-03	7.115206e-06
-7.133906e+00	3.322478e-03	7.346724e-06
-7.120000e+00	3.314679e-03	7.585776e-06
-7.106094e+00	3.494113e-03	7.832605e-06
-7.092187e+00	3.555175e-03	8.087467e-06
-7.078281e+00	3.905271e-03	8.350621e-06
-7.064375e+00	4.294537e-03	8.622337e-06
-7.050469e+00	4.333018e-03	8.902895e-06
-7.036563e+00	3.971730e-03	9.192582e-06
-7.022656e+00	3.667973e-03	9.491694e-06
-7.008750e+00	3.222955e-03	9.800540e-06
-6.994844e+00	3.119662e-03	1.011943e-05
-6.980938e+00	3.226188e-03	1.044871e-05
-6.967031e+00	3.386736e-03	1.078869e-05
-6.953125e+00	3.782978e-03	1.113974e-05
-6.939219e+00	4.190791e-03	1.150221e-05
-6.925312e+00	3.901738e-03	1.187647e-05
-6.911406e+00	3.088727e-03	1.226292e-05
-6.897500e+00	3.126751e-03	1.266193e-05
-6.883594e+00	3.558745e-03	1.307393e-05
-6.869687e+00	4.132081e-03	1.349934e-05
-6.855781e+00	4.019664e-03	1.393859e-05
-6.841875e+00	2.884534e-03	1.439213e-05
-6.827969e+00	3.359094e-03	1.486043e-05
-6.814063e+00	3.761672e-03	1.534396e-05
-6.800156e+00	3.790366e-03	1.584323e-05
-6.786250e+00	2.886290e-03	1.635875e-05
-6.772344e+00	3.711559e-03	1.689103e-05
-6.758437e+00	4.086414e-03	1.744064e-05
-6.744531e+00	2.933517e-03	1.800814e-05
-6.730625e+00	3.687310e-03	1.859409e-05
-6.716719e+00	3.307218e-03	1.919912e-05
-6.702812e+00	3.250071e-03	1.982383e-05
-6.688906e+00	3.548600e-03	2.046886e-05
-6.675000e+00	3.128132e-03	2.113489e-05
-6.661094e+00	3.718731e-03	2.182259e-05
-6.647188e+00	3.368423e-03	2.253266e-05
-6.633281e+00	3.039587e-03	2.326584e-05
-6.619375e+00	4.020235e-03	2.402288e-05
-6.605469e+00	3.210202e-03	2.480454e-05
-6.591562e+00	2.850579e-03	2.561165e-05
-6.577656e+00	3.788429e-03	2.644501e-05
-6.563750e+00	3.616301e-03	2.730549e-05
-6.549844e+00	3.200144e-03	2.819397e-05
-6.535937e+00	3.008200e-03	2.911136e-05
-6.522031e+00	3.282118e-03	3.005860e-05
-6.508125e+00	3.088031e-03	3.103666e-05
-6.494219e+00	3.257621e-03	3.204655e-05
-6.480313e+00	3.425876e-03	3.308929e-05
-6.466406e+00	3.898127e-03	3.416597e-05
-6.452500e+00	2.734470e-03	3.527768e-05
-6.438594e+00	2.946951e-03	3.642556e-05
-6.424687e+00	3.921262e-03	3.761079e-05
-6.410781e+00	2.827568e-03	3.883459e-05
-6.396875e+00	3.561798e-03	4.009821e-05
-6.382969e+00	3.239352e-03	4.140295e-05
-6.369062e+00	2.913446e-03	4.275014e-05
-6.355156e+00	2.622690e-03	4.414116e-05
-6.341250e+00	2.631774e-03	4.557745e-05
-6.327344e+00	2.776890e-03	4.706047e-05
-6.313437e+00	3.022143e-03	4.859175e-05
-6.299531e+00	3.786290e-03	5.017285e-05
-6.285625e+00	2.649941e-03	5.180540e-05
-6.271719e+00	3.518265e-03	5.349107e-05
-6.257812e+00	3.120753e-03	5.523158e-05
-6.243906e+00	2.844510e-03	5.702874e-05
-6.230000e+00	2.765422e-03	5.888437e-05
-6.216094e+00	2.881888e-03	6.080037e-05
-6.202187e+00	3.496248e-03	6.277873e-05
-6.188281e+00	2.370289e-03	6.482145e-05
-6.174375e+00	3.565683e-03	6.693064e-05
-6.160469e+00	2.804764e-03	6.910847e-05
-6.146562e+00	2.858577e-03	7.135715e-05
-6.132656e+00	2.919494e-03	7.367900e-05
-6.118750e+00	3.552978e-03	7.607641e-05
-6.104844e+00	2.565689e-03	7.855182e-05
-6.090937e+00	3.563439e-03	8.110778e-05
-6.077031e+00	3.005856e-03	8.374690e-05
-6.063125e+00	2.922953e-03	8.647190e-05
-6.049219e+00	3.316774e-03	8.928556e-05
-6.035312e+00	3.636470e-03	9.219078e-05
-6.021406e+00	2.979707e-03	9.519053e-05
-6.007500e+00	2.691246e-03	9.828789e-05
-5.993594e+00	2.767343e-03	1.014860e-04
-5.979687e+00	2.457349e-03	1.047882e-04
-5.965781e+00	2.923245e-03	1.081979e-04
-5.951875e+00	3.369993e-03	1.117185e-04
-5.937969e+00	3.323165e-03	1.153536e-04
-5.924062e+00	2.973909e-03	1.191071e-04
-5.910156e+00	2.980000e-03	1.229826e-04
-5.896250e+00	3.403916e-03	1.269843e-04
-5.882344e+00	3.084217e-03	1.311162e-04
-5.868437e+00	3.460653e-03	1.353825e-04
-5.854531e+00	3.008193e-03	1.397876e-04
-5.840625e+00	2.763162e-03	1.443361e-04
-5.826719e+00	2.788490e-03	1.490326e-04
-5.812813e+00	3.333534e-03	1.538819e-04
-5.798906e+00	3.214123e-03	1.588890e-04
-5.785000e+00	3.072502e-03	1.640590e-04
-5.771094e+00	2.597175e-03	1.693972e-04
-5.757187e+00	2.847340e-03	1.749091e-04
-5.743281e+00	2.997863e-03	1.806004e-04
-5.729375e+00	2.845978e-03	1.864769e-04
-5.715469e+00	2.827369e-03	1.925446e-04
-5.701563e+00	3.391831e-03	1.988097e-04
-5.687656e+00	2.634124e-03	2.052786e-04
-5.673750e+00	3.169880e-03	2.119581e-04
-5.659844e+00	3.268603e-03	2.188549e-04
-5.645937e+00	3.030694e-03	2.259761e-04
-5.632031e+00	2.974917e-03	2.333290e-04
-5.618125e+00	3.028414e-03	2.409212e-04
-5.604219e+00	3.306437e-03	2.487604e-04
-5.590312e+00	3.414738e-03	2.568547e-04
-5.576406e+00	2.956258e-03	2.652124e-04
-5.562500e+00	3.184769e-03	2.738420e-04
-5.548594e+00	3.326671e-03	2.827524e-04
-5.534688e+00	3.085674e-03	2.919527e-04
-5.520781e+00	2.753410e-03	3.014524e-04
-5.506875e+00	3.371404e-03	3.112612e-04
-5.492969e+00	3.285613e-03	3.213892e-04
-5.479062e+00	2.890609e-03	3.318467e-04
-5.465156e+00	2.889209e-03	3.426445e-04
-5.451250e+00	2.784391e-03	3.537936e-04
-5.437344e+00	2.846277e-03	3.653055e-04
-5.423437e+00	2.844356e-03	3.771920e-04
-5.409531e+00	2.614890e-03	3.894653e-04
-5.395625e+00	2.971550e-03	4.021379e-04
-5.381719e+00	3.081871e-03	4.152229e-04
-5.367813e+00	3.458138e-03	4.287336e-04
-5.353906e+00	3.284598e-03	4.426839e-04
-5.340000e+00	2.899424e-03	4.570882e-04
-5.326094e+00	3.312377e-03	4.719611e-04
-5.312187e+00	3.311389e-03	4.873181e-04
-5.298281e+00	2.875359e-03	5.031746e-04
-5.284375e+00	3.342544e-03	5.195472e-04
-5.270469e+00	3.070674e-03	5.364525e-04
-5.256562e+00	3.118283e-03	5.539078e-04
-5.242656e+00	3.343153e-03	5.719311e-04
-5.228750e+00	3.123662e-03	5.905409e-04
-5.214844e+00	3.399768e-03	6.097562e-04
-5.200938e+00	3.061756e-03	6.295968e-04
-5.187031e+00	3.282329e-03	6.500829e-04
-5.173125e+00	3.300587e-03	6.712356e-04
-5.159219e+00	3.203388e-03	6.930766e-04
-5.145312e+00	3.474252e-03	7.156283e-04
-5.131406e+00	3.051279e-03	7.389138e-04
-5.117500e+00	3.357370e-03	7.629569e-04
-5.103594e+00	3.354274e-03	7.877824e-04
-5.089687e+00	3.044901e-03	8.134156e-04
-5.075781e+00	3.328779e-03	8.398829e-04
-5.061875e+00	3.162989e-03	8.672114e-04
-5.047969e+00	3.038390e-03	8.954292e-04
-5.034063e+00	3.477327e-03	9.245651e-04
-5.020156e+00	3.319329e-03	9.546491e-04
-5.006250e+00	2.743678e-03	9.857119e-04
-4.992344e+00	3.469409e-03	1.017785e-03
-4.978437e+00	3.709023e-03	1.050903e-03
-4.964531e+00	3.218151e-03	1.085097e-03
-4.950625e+00	2.838768e-03	1.120405e-03
-4.936719e+00	3.604625e-03	1.156861e-03
-4.922812e+00	3.617572e-03	1.194504e-03
-4.908906e+00	3.153726e-03	1.233371e-03
-4.895000e+00	3.124861e-03	1.273503e-03
-4.881094e+00	3.389086e-03	1.314941e-03
-4.867188e+00	3.372703e-03	1.357727e-03
-4.853281e+00	3.052544e-03	1.401906e-03
-4.839375e+00	3.068357e-03	1.447521e-03
-4.825469e+00	3.546642e-03	1.494622e-03
-4.811562e+00	3.685372e-03	1.543254e-03
-4.797656e+00	3.412756e-03	1.593469e-03
-4.783750e+00	3.025938e-03	1.645319e-03
-4.769844e+00	3.259201e-03	1.698855e-03
-4.755937e+00	3.442644e-03	1.754133e-03
-4.742031e+00	3.367131e-03	1.811210e-03
-4.728125e+00	2.999107e-03	1.870144e-03
-4.714219e+00	2.711796e-03	1.930995e-03
-4.700312e+00	2.977225e-03	1.993827e-03
-4.686406e+00	3.293816e-03	2.058703e-03
-4.672500e+00	3.534247e-03	2.125690e-03
-4.658594e+00	3.392079e-03	2.194857e-03
-4.644687e+00	3.304728e-03	2.266274e-03
-4.630781e+00	3.544430e-03	2.340016e-03
-4.616875e+00	3.728258e-03	2.416156e-03
-4.602969e+00	3.764479e-03	2.494774e-03
-4.589062e+00	3.381816e-03	2.575950e-03
-4.575156e+00	3.355150e-03	2.659768e-03
-4.561250e+00	3.419147e-03	2.746313e-03
-4.547344e+00	3.532248e-03	2.835674e-03
-4.533437e+00	3.709665e-03	2.927942e-03
-4.519531e+00	3.443054e-03	3.023213e-03
-4.505625e+00	3.159568e-03	3.121584e-03
-4.491719e+00	3.443503e-03	3.223155e-03
-4.477812e+00	3.520236e-03	3.328032e-03
-4.463906e+00	3.573397e-03	3.436321e-03
-4.450000e+00	3.437680e-03	3.548134e-03
-4.436094e+00	3.060458e-03	3.663585e-03
-4.422187e+00	3.090401e-03	3.782792e-03
-4.408281e+00	3.280759e-03	3.905879e-03
-4.394375e+00	3.416698e-03	4.032970e-03
-4.380469e+00	3.461387e-03	4.164197e-03
-4.366563e+00	3.251799e-03	4.299694e-03
-4.352656e+00	2.839265e-03	4.439599e-03
-4.338750e+00	3.002260e-03	4.584057e-03
-4.324844e+00	3.231702e-03	4.733215e-03
-4.310937e+00	3.333897e-03	4.887227e-03
-4.297031e+00	3.276230e-03	5.046250e-03
-4.283125e+00	2.926613e-03	5.210447e-03
-4.269219e+00	2.591582e-03	5.379987e-03
-4.255313e+00	2.871140e-03	5.555044e-03
-4.241406e+00	3.240137e-03	5.735797e-03
-4.227500e+00	3.296322e-03	5.922431e-03
-4.213594e+00	3.190275e-03	6.115138e-03
-4.199688e+00	2.881160e-03	6.314115e-03
-4.185781e+00	2.702679e-03	6.519567e-03
-4.171875e+00	2.979788e-03	6.731704e-03
-4.157969e+00	3.203712e-03	6.950743e-03
-4.144062e+00	3.140776e-03	7.176910e-03
-4.130156e+00	3.018700e-03	7.410436e-03
-4.116250e+00	2.654268e-03	7.651560e-03
-4.102344e+00	2.599256e-03	7.900530e-03
-4.088438e+00	2.960142e-03	8.157602e-03
-4.074531e+00	3.250424e-03	8.423038e-03
-4.060625e+00	3.117733e-03	8.697111e-03
-4.046719e+00	2.973526e-03	8.980102e-03
-4.032813e+00	2.520850e-03	9.272301e-03
-4.018906e+00	2.798870e-03	9.574007e-03
-4.005000e+00	2.973823e-03	9.885531e-03
-3.991094e+00	3.155222e-03	1.020719e-02
-3.977187e+00	3.030617e-03	1.053932e-02
-3.963281e+00	2.715178e-03	1.088225e-02
-3.949375e+00	2.553910e-03	1.123634e-02
-3.935469e+00	2.799442e-03	1.160196e-02
-3.921562e+00	3.111421e-03	1.197947e-02
-3.907656e+00	3.159023e-03	1.236926e-02
-3.893750e+00	3.001894e-03	1.277174e-02
-3.879844e+00	2.637953e-03	1.318731e-02
-3.865938e+00	2.525413e-03	1.361641e-02
-3.852031e+00	2.750047e-03	1.405946e-02
-3.838125e+00	3.101397e-03	1.451694e-02
-3.824219e+00	2.994483e-03	1.498930e-02
-3.810312e+00	2.910467e-03	1.547703e-02
-3.796406e+00	2.454520e-03	1.598062e-02
-3.782500e+00	2.593183e-03	1.650061e-02
-3.768594e+00	2.931730e-03	1.703751e-02
-3.754687e+00	3.121282e-03	1.759189e-02
-3.740781e+00	3.080764e-03	1.816430e-02
-3.726875e+00	2.835034e-03	1.875534e-02
-3.712969e+00	2.434595e-03	1.936561e-02
-3.699063e+00	2.640763e-03	1.999574e-02
-3.685156e+00	2.958744e-03	2.064637e-02
-3.671250e+00	3.080319e-03	2.131817e-02
-3.657344e+00	2.983945e-03	2.201184e-02
-3.643437e+00	2.692581e-03	2.272807e-02
-3.629531e+00	2.450545e-03	2.346760e-02
-3.615625e+00	2.790776e-03	2.423120e-02
-3.601719e+00	3.032123e-03	2.501965e-02
-3.587812e+00	3.139068e-03	2.583375e-02
-3.573906e+00	2.944310e-03	2.667434e-02
-3.560000e+00	2.582663e-03	2.754229e-02
-3.546094e+00	2.476646e-03	2.843847e-02
-3.532188e+00	2.880653e-03	2.936382e-02
-3.518281e+00	3.078127e-03	3.031927e-02
-3.504375e+00	3.074275e-03	3.130581e-02
-3.490469e+00	2.871877e-03	3.232446e-02
-3.476562e+00	2.537318e-03	3.337625e-02
-3.462656e+00	2.584164e-03	3.446226e-02
-3.448750e+00	2.961284e-03	3.558361e-02
-3.434844e+00	3.110056e-03	3.674145e-02
-3.420937e+00	3.053694e-03	3.793696e-02
-3.407031e+00	2.800663e-03	3.917137e-02
-3.393125e+00	2.398920e-03	4.044595e-02
-3.379219e+00	2.625288e-03	4.176200e-02
-3.365312e+00	2.984710e-03	4.312087e-02
-3.351406e+00	3.002129e-03	4.452396e-02
-3.337500e+00	2.974284e-03	4.597270e-02
-3.323594e+00	2.729330e-03	4.746858e-02
-3.309688e+00	2.380347e-03	4.901314e-02
-3.295781e+00	2.728863e-03	5.060795e-02
-3.281875e+00	3.072967e-03	5.225466e-02
-3.267969e+00	3.030005e-03	5.395494e-02
-3.254062e+00	2.950344e-03	5.571056e-02
-3.240156e+00	2.574556e-03	5.752329e-02
-3.226250e+00	2.466846e-03	5.939502e-02
-3.212344e+00	2.879982e-03	6.132764e-02
-3.198437e+00	3.033707e-03	6.332315e-02
-3.184531e+00	3.089108e-03	6.538359e-02
-3.170625e+00	2.989667e-03	6.751107e-02
-3.156719e+00	2.643151e-03	6.970778e-02
-3.142812e+00	2.570395e-03	7.197597e-02
-3.128906e+00	2.935892e-03	7.431795e-02
-3.115000e+00	3.111665e-03	7.673615e-02
-3.101094e+00	2.958926e-03	7.923303e-02
-3.087188e+00	2.768846e-03	8.181115e-02
-3.073281e+00	2.439900e-03	8.447316e-02
-3.059375e+00	2.601119e-03	8.722179e-02
-3.045469e+00	2.937210e-03	9.005986e-02
-3.031562e+00	3.122874e-03	9.299027e-02
-3.017656e+00	3.040865e-03	9.601603e-02
-3.003750e+00	2.770227e-03	9.914025e-02
-2.989844e+00	2.504955e-03	1.023661e-01
-2.975937e+00	2.804898e-03	1.056970e-01
-2.962031e+00	3.028981e-03	1.091362e-01
-2.948125e+00	3.052592e-03	1.126873e-01
-2.934219e+00	2.945623e-03	1.163540e-01
-2.920313e+00	2.563445e-03	1.201400e-01
-2.906406e+00	2.488600e-03	1.240491e-01
-2.892500e+00	2.826365e-03	1.280855e-01
-2.878594e+00	3.056132e-03	1.322532e-01
-2.864687e+00	3.130803e-03	1.365565e-01
-2.850781e+00	2.927011e-03	1.409999e-01
-2.836875e+00	2.542388e-03	1.455878e-01
-2.822969e+00	2.514520e-03	1.503250e-01
-2.809062e+00	2.889968e-03	1.552164e-01
-2.795156e+00	2.991772e-03	1.602669e-01
-2.781250e+00	2.994209e-03	1.654817e-01
-2.767344e+00	2.765047e-03	1.708662e-01
-2.753437e+00	2.421525e-03	1.764260e-01
-2.739531e+00	2.567318e-03	1.821666e-01
-2.725625e+00	2.999352e-03	1.880940e-01
-2.711719e+00	3.130639e-03	1.942143e-01
-2.697812e+00	3.004921e-03	2.005338e-01
-2.683906e+00	2.728753e-03	2.070588e-01
-2.670000e+00	2.432927e-03	2.137962e-01
-2.656094e+00	2.656219e-03	2.207528e-01
-2.642187e+00	2.987793e-03	2.279358e-01
-2.628281e+00	3.068582e-03	2.353525e-01
-2.614375e+00	2.987632e-03	2.430105e-01
-2.600469e+00	2.566095e-03	2.509177e-01
-2.586562e+00	2.372253e-03	2.590822e-01
-2.572656e+00	2.855116e-03	2.675123e-01
-2.558750e+00	3.088443e-03	2.762167e-01
-2.544844e+00	3.088751e-03	2.852044e-01
-2.530937e+00	2.922079e-03	2.944845e-01
-2.517031e+00	2.506524e-03	3.040666e-01
-2.503125e+00	2.549890e-03	3.139605e-01
-2.489219e+00	2.920178e-03	3.241763e-01
-2.475312e+00	3.097108e-03	3.347245e-01
-2.461406e+00	3.037251e-03	3.456159e-01
-2.447500e+00	2.731679e-03	3.568617e-01
-2.433594e+00	2.490519e-03	3.684735e-01
-2.419688e+00	2.656221e-03	3.804631e-01
-2.405781e+00	2.980408e-03	3.928428e-01
-2.391875e+00	3.045434e-03	4.056253e-01
-2.377969e+00	2.993116e-03	4.188237e-01
-2.364063e+00	2.686374e-03	4.324516e-01
-2.350156e+00	2.519332e-03	4.465229e-01
-2.336250e+00	2.670863e-03	4.610521e-01
-2.322344e+00	3.021392e-03	4.760540e-01
-2.308437e+00	3.005721e-03	4.915441e-01
-2.294531e+00	2.920634e-03	5.075382e-01
-2.280625e+00	2.595598e-03	5.240527e-01
-2.266719e+00	2.576348e-03	5.411046e-01
-2.252812e+00	2.842837e-03	5.587114e-01
-2.238906e+00	3.062980e-03	5.768910e-01
-2.225000e+00	3.058865e-03	5.956621e-01
-2.211094e+00	2.931356e-03	6.150441e-01
-2.197188e+00	2.446092e-03	6.350567e-01
-2.183281e+00	2.546040e-03	6.557205e-01
-2.169375e+00	2.902975e-03	6.770566e-01
-2.155469e+00	3.090965e-03	6.990870e-01
-2.141562e+00	3.026550e-03	7.218343e-01
-2.127656e+00	2.781276e-03	7.453217e-01
-2.113750e+00	2.438076e-03	7.695733e-01
-2.099844e+00	2.635331e-03	7.946141e-01
-2.085937e+00	3.045562e-03	8.204696e-01
-2.072031e+00	3.084628e-03	8.471665e-01
-2.058125e+00	3.011082e-03	8.747320e-01
-2.044219e+00	2.645584e-03	9.031944e-01
-2.030312e+00	2.322318e-03	9.325830e-01
-2.016406e+00	2.733982e-03	9.629279e-01
-2.002500e+00	3.024313e-03	9.942601e-01
-1.988594e+00	3.039071e-03	1.026612e+00
-1.974688e+00	2.950273e-03	1.060016e+00
-1.960781e+00	2.683186e-03	1.094508e+00
-1.946875e+00	2.497880e-03	1.130121e+00
-1.932969e+00	2.949892e-03	1.166894e+00
-1.919062e+00	3.102231e-03	1.204863e+00
-1.905156e+00	3.057662e-03	1.244067e+00
-1.891250e+00	2.841995e-03	1.284547e+00
-1.877344e+00	2.495554e-03	1.326344e+00
-1.863437e+00	2.550422e-03	1.369501e+00
-1.849531e+00	2.910945e-03	1.414063e+00
-1.835625e+00	3.018444e-03	1.460074e+00
-1.821719e+00	3.049730e-03	1.507583e+00
-1.807813e+00	2.899199e-03	1.556638e+00
-1.793906e+00	2.396561e-03	1.607288e+00
-1.780000e+00	2.704608e-03	1.659587e+00
-1.766094e+00	3.007666e-03	1.713587e+00
-1.752187e+00	3.049785e-03	1.769345e+00
-1.738281e+00	2.988727e-03	1.826917e+00
-1.724375e+00	2.702751e-03	1.886362e+00
-1.710469e+00	2.431640e-03	1.947741e+00
-1.696562e+00	2.668554e-03	2.011118e+00
-1.682656e+00	3.030408e-03	2.076556e+00
-1.668750e+00	3.102664e-03	2.144125e+00
-1.654844e+00	2.950741e-03	2.213891e+00
-1.640937e+00	2.661222e-03	2.285928e+00
-1.627031e+00	2.429232e-03	2.360308e+00
-1.613125e+00	2.857030e-03	2.437109e+00
-1.599219e+00	2.998391e-03	2.516409e+00
-1.585313e+00	3.026182e-03	2.598289e+00
-1.571406e+00	2.855362e-03	2.682834e+00
-1.557500e+00	2.513143e-03	2.770129e+00
-1.543594e+00	2.476172e-03	2.860265e+00
-1.529687e+00	2.921559e-03	2.953334e+00
-1.515781e+00	3.144649e-03	3.049431e+00
-1.501875e+00	3.025555e-03	3.148654e+00
-1.487969e+00	2.814919e-03	3.251107e+00
-1.474062e+00	2.495079e-03	3.356893e+00
-1.460156e+00	2.520966e-03	3.466121e+00
-1.446250e+00	2.982015e-03	3.578904e+00
-1.432344e+00	3.030666e-03	3.695356e+00
-1.418438e+00	2.943181e-03	3.815597e+00
-1.404531e+00	2.617515e-03	3.939751e+00
-1.390625e+00	2.466267e-03	4.067944e+00
-1.376719e+00	2.755089e-03	4.200309e+00
-1.362812e+00	3.044156e-03	4.336981e+00
-1.348906e+00	3.081305e-03	4.478100e+00
-1.335000e+00	2.958934e-03	4.623810e+00
-1.321094e+00	2.583548e-03	4.774262e+00
-1.307187e+00	2.490145e-03	4.929609e+00
-1.293281e+00	2.827416e-03	5.090011e+00
-1.279375e+00	3.035814e-03	5.255633e+00
-1.265469e+00	3.020429e-03	5.426643e+00
-1.251563e+00	2.893165e-03	5.603218e+00
-1.237656e+00	2.355703e-03	5.785538e+00
-1.223750e+00	2.501929e-03	5.973791e+00
-1.209844e+00	2.927786e-03	6.168169e+00
-1.195937e+00	3.114909e-03	6.368872e+00
-1.182031e+00	3.092617e-03	6.576105e+00
-1.168125e+00	2.789682e-03	6.790082e+00
-1.154219e+00	2.398475e-03	7.011021e+00
-1.140313e+00	2.639713e-03	7.239149e+00
-1.126406e+00	2.936809e-03	7.474700e+00
-1.112500e+00	3.139151e-03	7.717915e+00
-1.098594e+00	2.937124e-03	7.969044e+00
-1.084687e+00	2.667845e-03	8.228345e+00
-1.070781e+00	2.437488e-03	8.496083e+00
-1.056875e+00	2.739210e-03	8.772533e+00
-1.042969e+00	3.018145e-03	9.057978e+00
-1.029062e+00	3.112158e-03	9.352711e+00
-1.015156e+00	2.941991e-03	9.657034e+00
-1.001250e+00	2.592982e-03	9.971259e+00
-9.873438e-01	2.371066e-03	1.029571e+01
-9.734375e-01	2.795128e-03	1.063072e+01
-9.595312e-01	3.007902e-03	1.097662e+01
-9.456250e-01	3.014765e-03	1.133379e+01
-9.317188e-01	2.843659e-03	1.170257e+01
-9.178125e-01	2.545054e-03	1.208335e+01
-9.039062e-01	2.641307e-03	1.247653e+01
-8.900000e-01	2.973631e-03	1.288250e+01
-8.760937e-01	3.085125e-03	1.330167e+01
-8.621875e-01	2.987942e-03	1.373449e+01
-8.482812e-01	2.716125e-03	1.418139e+01
-8.343750e-01	2.478478e-03	1.464283e+01
-8.204687e-01	2.647957e-03	1.511928e+01
-8.065625e-01	2.919087e-03	1.561124e+01
-7.926562e-01	3.046195e-03	1.611921e+01
-7.787500e-01	3.008677e-03	1.664370e+01
-7.648437e-01	2.712452e-03	1.718527e+01
-7.509375e-01	2.374988e-03	1.774445e+01
-7.370312e-01	2.766904e-03	1.832183e+01
-7.231250e-01	3.111068e-03	1.891799e+01
-7.092188e-01	3.065548e-03	1.953355e+01
-6.953125e-01	2.900161e-03	2.016915e+01
-6.814062e-01	2.573106e-03	2.082542e+01
-6.675000e-01	2.417593e-03	2.150305e+01
-6.535937e-01	2.828062e-03	2.220272e+01
-6.396875e-01	3.070011e-03	2.292517e+01
-6.257812e-01	3.059359e-03	2.367112e+01
-6.118750e-01	2.955389e-03	2.444134e+01
-5.979687e-01	2.605843e-03	2.523662e+01
-5.840625e-01	2.567725e-03	2.605779e+01
-5.701562e-01	2.950443e-03	2.690567e+01
-5.562500e-01	3.031948e-03	2.778114e+01
-5.423437e-01	2.991366e-03	2.868509e+01
-5.284375e-01	2.760871e-03	2.961846e+01
-5.145312e-01	2.457577e-03	3.058220e+01
-5.006250e-01	2.683392e-03	3.157730e+01
-4.867187e-01	2.975576e-03	3.260478e+01
-4.728125e-01	3.065042e-03	3.366569e+01
-4.589062e-01	3.007422e-03	3.476112e+01
-4.450000e-01	2.754885e-03	3.589219e+01
-4.310937e-01	2.471570e-03	3.706007e+01
-4.171875e-01	2.799821e-03	3.826595e+01
-4.032813e-01	3.059158e-03	3.951107e+01
-3.893750e-01	3.035502e-03	4.079670e+01
-3.754687e-01	2.951626e-03	4.212416e+01
-3.615625e-01	2.542541e-03	4.349482e+01
-3.476562e-01	2.349545e-03	4.491007e+01
-3.337500e-01	2.739960e-03	4.637138e+01
-3.198437e-01	3.060876e-03	4.788023e+01
-3.059375e-01	3.042358e-03	4.943818e+01
-2.920312e-01	8.840912e-01	5.104683e+01
-2.781250e-01	1.163468e+00	5.270781e+01
-2.642188e-01	1.408041e+00	5.442285e+01
-2.503125e-01	1.595031e+00	5.619368e+01
-2.364062e-01	1.753404e+00	5.802214e+01
-2.225000e-01	1.956105e+00	5.991009e+01
-2.085937e-01	2.208922e+00	6.185948e+01
-1.946875e-01	2.451467e+00	6.387229e+01
-1.807813e-01	2.740065e+00	6.595060e+01
-1.668750e-01	3.070375e+00	6.809653e+01
-1.529687e-01	3.412337e+00	7.031229e+01
-1.390625e-01	3.998632e+00	7.260015e+01
-1.251562e-01	4.702621e+00	7.496245e+01
-1.112500e-01	5.538465e+00	7.740161e+01
-9.734375e-02	6.815425e+00	7.992014e+01
-8.343750e-02	8.436208e+00	8.252062e+01
-6.953125e-02	1.105621e+01	8.520572e+01
-5.562500e-02	1.549333e+01	8.797819e+01
-4.171875e-02	2.256756e+01	9.084086e+01
-2.781250e-02	3.350574e+01	9.379669e+01
-1.390625e-02	8.479491e+01	9.684869e+01
