Sat Oct  7 19:26:49 JST 2023
-8.900000e+00	4.203612e+01	1.258925e-07
-8.886094e+00	3.591460e+01	1.299889e-07
-8.872187e+00	3.717914e+01	1.342185e-07
-8.858281e+00	3.818615e+01	1.385858e-07
-8.844375e+00	3.262533e+01	1.430952e-07
-8.830469e+00	2.925012e+01	1.477513e-07
-8.816562e+00	2.314380e+01	1.525589e-07
-8.802656e+00	3.167697e+01	1.575229e-07
-8.788750e+00	2.657383e+01	1.626485e-07
-8.774844e+00	2.349342e+01	1.679408e-07
-8.760938e+00	3.216024e+01	1.734054e-07
-8.747031e+00	3.115280e+01	1.790477e-07
-8.733125e+00	3.304329e+01	1.848736e-07
-8.719219e+00	2.921257e+01	1.908892e-07
-8.705312e+00	3.099873e+01	1.971004e-07
-8.691406e+00	2.294033e+01	2.035137e-07
-8.677500e+00	2.221295e+01	2.101358e-07
-8.663594e+00	2.930307e+01	2.169733e-07
-8.649687e+00	3.047788e+01	2.240333e-07
-8.635781e+00	2.748831e+01	2.313230e-07
-8.621875e+00	2.335306e+01	2.388499e-07
-8.607969e+00	2.146083e+01	2.466217e-07
-8.594062e+00	2.496745e+01	2.546464e-07
-8.580156e+00	2.224299e+01	2.629322e-07
-8.566250e+00	1.948829e+01	2.714876e-07
-8.552344e+00	2.949625e+01	2.803214e-07
-8.538437e+00	2.359401e+01	2.894426e-07
-8.524531e+00	2.637457e+01	2.988607e-07
-8.510625e+00	1.979441e+01	3.085851e-07
-8.496719e+00	2.212780e+01	3.186260e-07
-8.482812e+00	2.335899e+01	3.289936e-07
-8.468906e+00	2.262164e+01	3.396986e-07
-8.455000e+00	2.303372e+01	3.507519e-07
-8.441094e+00	1.686792e+01	3.621648e-07
-8.427188e+00	1.826308e+01	3.739491e-07
-8.413281e+00	1.826437e+01	3.861168e-07
-8.399375e+00	2.073512e+01	3.986805e-07
-8.385469e+00	1.545479e+01	4.116530e-07
-8.371562e+00	1.807512e+01	4.250475e-07
-8.357656e+00	1.332593e+01	4.388779e-07
-8.343750e+00	1.696059e+01	4.531584e-07
-8.329844e+00	1.507668e+01	4.679035e-07
-8.315937e+00	1.671106e+01	4.831283e-07
-8.302031e+00	1.765517e+01	4.988486e-07
-8.288125e+00	1.777286e+01	5.150804e-07
-8.274219e+00	1.589430e+01	5.318403e-07
-8.260312e+00	1.539060e+01	5.491456e-07
-8.246406e+00	1.756328e+01	5.670140e-07
-8.232500e+00	1.591436e+01	5.854637e-07
-8.218594e+00	1.596457e+01	6.045138e-07
-8.204688e+00	1.411522e+01	6.241838e-07
-8.190781e+00	1.339049e+01	6.444938e-07
-8.176875e+00	1.424820e+01	6.654647e-07
-8.162969e+00	1.449754e+01	6.871179e-07
-8.149063e+00	1.216328e+01	7.094757e-07
-8.135156e+00	1.380596e+01	7.325609e-07
-8.121250e+00	1.414657e+01	7.563974e-07
-8.107344e+00	1.352417e+01	7.810094e-07
-8.093438e+00	1.308348e+01	8.064222e-07
-8.079531e+00	1.302577e+01	8.326620e-07
-8.065625e+00	1.278075e+01	8.597556e-07
-8.051719e+00	1.267812e+01	8.877307e-07
-8.037813e+00	1.301133e+01	9.166161e-07
-8.023906e+00	1.287712e+01	9.464414e-07
-8.010000e+00	1.094962e+01	9.772372e-07
-7.996094e+00	1.219580e+01	1.009035e-06
-7.982187e+00	1.228253e+01	1.041868e-06
-7.968281e+00	1.034661e+01	1.075768e-06
-7.954375e+00	1.119629e+01	1.110772e-06
-7.940469e+00	1.094710e+01	1.146915e-06
-7.926563e+00	1.110876e+01	1.184234e-06
-7.912656e+00	1.066339e+01	1.222767e-06
-7.898750e+00	1.060202e+01	1.262554e-06
-7.884844e+00	1.085800e+01	1.303636e-06
-7.870937e+00	1.075127e+01	1.346054e-06
-7.857031e+00	8.679963e+00	1.389853e-06
-7.843125e+00	9.703643e+00	1.435076e-06
-7.829219e+00	9.842588e+00	1.481772e-06
-7.815312e+00	9.663223e+00	1.529986e-06
-7.801406e+00	8.613362e+00	1.579770e-06
-7.787500e+00	1.047307e+01	1.631173e-06
-7.773594e+00	9.308482e+00	1.684249e-06
-7.759688e+00	8.906944e+00	1.739052e-06
-7.745781e+00	9.312845e+00	1.795638e-06
-7.731875e+00	8.716693e+00	1.854065e-06
-7.717969e+00	7.780157e+00	1.914394e-06
-7.704062e+00	8.134695e+00	1.976685e-06
-7.690156e+00	9.228943e+00	2.041004e-06
-7.676250e+00	8.229833e+00	2.107415e-06
-7.662344e+00	8.129258e+00	2.175987e-06
-7.648437e+00	7.827250e+00	2.246790e-06
-7.634531e+00	7.351526e+00	2.319897e-06
-7.620625e+00	7.625831e+00	2.395383e-06
-7.606719e+00	7.713546e+00	2.473325e-06
-7.592812e+00	6.999681e+00	2.553804e-06
-7.578906e+00	7.537845e+00	2.636901e-06
-7.565000e+00	7.288883e+00	2.722701e-06
-7.551094e+00	7.289182e+00	2.811294e-06
-7.537187e+00	6.811335e+00	2.902769e-06
-7.523281e+00	6.396718e+00	2.997221e-06
-7.509375e+00	6.658923e+00	3.094746e-06
-7.495469e+00	6.663252e+00	3.195444e-06
-7.481562e+00	6.339402e+00	3.299419e-06
-7.467656e+00	6.159275e+00	3.406777e-06
-7.453750e+00	6.321857e+00	3.517629e-06
-7.439844e+00	5.999731e+00	3.632087e-06
-7.425937e+00	6.202065e+00	3.750270e-06
-7.412031e+00	5.957232e+00	3.872298e-06
-7.398125e+00	5.515733e+00	3.998297e-06
-7.384219e+00	5.966034e+00	4.128395e-06
-7.370313e+00	5.522940e+00	4.262727e-06
-7.356406e+00	5.632840e+00	4.401430e-06
-7.342500e+00	5.468094e+00	4.544645e-06
-7.328594e+00	5.719716e+00	4.692521e-06
-7.314687e+00	5.456957e+00	4.845209e-06
-7.300781e+00	5.372098e+00	5.002865e-06
-7.286875e+00	4.955648e+00	5.165650e-06
-7.272969e+00	5.185842e+00	5.333733e-06
-7.259062e+00	4.825496e+00	5.507284e-06
-7.245156e+00	5.031753e+00	5.686483e-06
-7.231250e+00	4.779863e+00	5.871513e-06
-7.217344e+00	4.845950e+00	6.062563e-06
-7.203438e+00	4.893603e+00	6.259829e-06
-7.189531e+00	4.470952e+00	6.463515e-06
-7.175625e+00	4.264191e+00	6.673828e-06
-7.161719e+00	4.450152e+00	6.890984e-06
-7.147813e+00	4.099793e+00	7.115206e-06
-7.133906e+00	4.316789e+00	7.346724e-06
-7.120000e+00	4.244798e+00	7.585776e-06
-7.106094e+00	4.230631e+00	7.832605e-06
-7.092187e+00	4.072438e+00	8.087467e-06
-7.078281e+00	3.993847e+00	8.350621e-06
-7.064375e+00	3.989012e+00	8.622337e-06
-7.050469e+00	3.910168e+00	8.902895e-06
-7.036563e+00	3.749917e+00	9.192582e-06
-7.022656e+00	3.796059e+00	9.491694e-06
-7.008750e+00	3.648724e+00	9.800540e-06
-6.994844e+00	3.606228e+00	1.011943e-05
-6.980938e+00	3.626868e+00	1.044871e-05
-6.967031e+00	3.389855e+00	1.078869e-05
-6.953125e+00	3.404641e+00	1.113974e-05
-6.939219e+00	3.333284e+00	1.150221e-05
-6.925312e+00	3.215464e+00	1.187647e-05
-6.911406e+00	3.208938e+00	1.226292e-05
-6.897500e+00	3.269183e+00	1.266193e-05
-6.883594e+00	3.151513e+00	1.307393e-05
-6.869687e+00	3.002953e+00	1.349934e-05
-6.855781e+00	2.997312e+00	1.393859e-05
-6.841875e+00	2.940846e+00	1.439213e-05
-6.827969e+00	2.882711e+00	1.486043e-05
-6.814063e+00	2.809032e+00	1.534396e-05
-6.800156e+00	2.824800e+00	1.584323e-05
-6.786250e+00	2.811174e+00	1.635875e-05
-6.772344e+00	2.700340e+00	1.689103e-05
-6.758437e+00	2.715502e+00	1.744064e-05
-6.744531e+00	2.616428e+00	1.800814e-05
-6.730625e+00	2.595297e+00	1.859409e-05
-6.716719e+00	2.488220e+00	1.919912e-05
-6.702812e+00	2.483365e+00	1.982383e-05
-6.688906e+00	2.485228e+00	2.046886e-05
-6.675000e+00	2.410290e+00	2.113489e-05
-6.661094e+00	2.338524e+00	2.182259e-05
-6.647188e+00	2.283822e+00	2.253266e-05
-6.633281e+00	2.289034e+00	2.326584e-05
-6.619375e+00	2.195122e+00	2.402288e-05
-6.605469e+00	2.179981e+00	2.480454e-05
-6.591562e+00	2.113570e+00	2.561165e-05
-6.577656e+00	2.093893e+00	2.644501e-05
-6.563750e+00	2.079954e+00	2.730549e-05
-6.549844e+00	1.976668e+00	2.819397e-05
-6.535937e+00	1.972512e+00	2.911136e-05
-6.522031e+00	1.931661e+00	3.005860e-05
-6.508125e+00	1.883341e+00	3.103666e-05
-6.494219e+00	1.862267e+00	3.204655e-05
-6.480313e+00	1.824793e+00	3.308929e-05
-6.466406e+00	1.750959e+00	3.416597e-05
-6.452500e+00	1.725595e+00	3.527768e-05
-6.438594e+00	1.706400e+00	3.642556e-05
-6.424687e+00	1.652823e+00	3.761079e-05
-6.410781e+00	1.629155e+00	3.883459e-05
-6.396875e+00	1.585853e+00	4.009821e-05
-6.382969e+00	1.555897e+00	4.140295e-05
-6.369062e+00	1.510827e+00	4.275014e-05
-6.355156e+00	1.485814e+00	4.414116e-05
-6.341250e+00	1.443123e+00	4.557745e-05
-6.327344e+00	1.424056e+00	4.706047e-05
-6.313437e+00	1.389307e+00	4.859175e-05
-6.299531e+00	1.339321e+00	5.017285e-05
-6.285625e+00	1.313128e+00	5.180540e-05
-6.271719e+00	1.288642e+00	5.349107e-05
-6.257812e+00	1.240911e+00	5.523158e-05
-6.243906e+00	1.203127e+00	5.702874e-05
-6.230000e+00	1.180991e+00	5.888437e-05
-6.216094e+00	1.155651e+00	6.080037e-05
-6.202187e+00	1.112940e+00	6.277873e-05
-6.188281e+00	1.081534e+00	6.482145e-05
-6.174375e+00	1.047441e+00	6.693064e-05
-6.160469e+00	1.019329e+00	6.910847e-05
-6.146562e+00	9.795535e-01	7.135715e-05
-6.132656e+00	9.451837e-01	7.367900e-05
-6.118750e+00	9.148615e-01	7.607641e-05
-6.104844e+00	8.811663e-01	7.855182e-05
-6.090937e+00	8.538468e-01	8.110778e-05
-6.077031e+00	8.234044e-01	8.374690e-05
-6.063125e+00	7.921253e-01	8.647190e-05
-6.049219e+00	7.451972e-01	8.928556e-05
-6.035312e+00	7.157019e-01	9.219078e-05
-6.021406e+00	6.929499e-01	9.519053e-05
-6.007500e+00	6.499955e-01	9.828789e-05
-5.993594e+00	6.210720e-01	1.014860e-04
-5.979687e+00	6.087430e-01	1.047882e-04
-5.965781e+00	5.923471e-01	1.081979e-04
-5.951875e+00	5.742007e-01	1.117185e-04
-5.937969e+00	5.562412e-01	1.153536e-04
-5.924062e+00	5.466945e-01	1.191071e-04
-5.910156e+00	5.341762e-01	1.229826e-04
-5.896250e+00	5.157258e-01	1.269843e-04
-5.882344e+00	5.061797e-01	1.311162e-04
-5.868437e+00	5.020393e-01	1.353825e-04
-5.854531e+00	4.924345e-01	1.397876e-04
-5.840625e+00	4.729521e-01	1.443361e-04
-5.826719e+00	4.653212e-01	1.490326e-04
-5.812813e+00	4.535231e-01	1.538819e-04
-5.798906e+00	4.327356e-01	1.588890e-04
-5.785000e+00	4.244332e-01	1.640590e-04
-5.771094e+00	4.101745e-01	1.693972e-04
-5.757187e+00	3.988536e-01	1.749091e-04
-5.743281e+00	3.761355e-01	1.806004e-04
-5.729375e+00	3.645769e-01	1.864769e-04
-5.715469e+00	3.378145e-01	1.925446e-04
-5.701563e+00	3.346835e-01	1.988097e-04
-5.687656e+00	3.222267e-01	2.052786e-04
-5.673750e+00	3.146365e-01	2.119581e-04
-5.659844e+00	3.072583e-01	2.188549e-04
-5.645937e+00	3.020875e-01	2.259761e-04
-5.632031e+00	2.949766e-01	2.333290e-04
-5.618125e+00	2.843703e-01	2.409212e-04
-5.604219e+00	2.800373e-01	2.487604e-04
-5.590312e+00	2.721716e-01	2.568547e-04
-5.576406e+00	2.627146e-01	2.652124e-04
-5.562500e+00	2.527315e-01	2.738420e-04
-5.548594e+00	2.396207e-01	2.827524e-04
-5.534688e+00	2.281655e-01	2.919527e-04
-5.520781e+00	2.211726e-01	3.014524e-04
-5.506875e+00	2.139738e-01	3.112612e-04
-5.492969e+00	2.104610e-01	3.213892e-04
-5.479062e+00	2.074507e-01	3.318467e-04
-5.465156e+00	1.999510e-01	3.426445e-04
-5.451250e+00	1.963216e-01	3.537936e-04
-5.437344e+00	1.894057e-01	3.653055e-04
-5.423437e+00	1.800479e-01	3.771920e-04
-5.409531e+00	1.707145e-01	3.894653e-04
-5.395625e+00	1.670693e-01	4.021379e-04
-5.381719e+00	1.662748e-01	4.152229e-04
-5.367813e+00	1.649032e-01	4.287336e-04
-5.353906e+00	1.581588e-01	4.426839e-04
-5.340000e+00	1.538519e-01	4.570882e-04
-5.326094e+00	1.450689e-01	4.719611e-04
-5.312187e+00	1.413571e-01	4.873181e-04
-5.298281e+00	1.388890e-01	5.031746e-04
-5.284375e+00	1.338942e-01	5.195472e-04
-5.270469e+00	1.322842e-01	5.364525e-04
-5.256562e+00	1.269210e-01	5.539078e-04
-5.242656e+00	1.201026e-01	5.719311e-04
-5.228750e+00	1.182614e-01	5.905409e-04
-5.214844e+00	1.146167e-01	6.097562e-04
-5.200938e+00	1.139131e-01	6.295968e-04
-5.187031e+00	1.104558e-01	6.500829e-04
-5.173125e+00	1.043222e-01	6.712356e-04
-5.159219e+00	1.014057e-01	6.930766e-04
-5.145312e+00	9.904778e-02	7.156283e-04
-5.131406e+00	9.729152e-02	7.389138e-04
-5.117500e+00	9.266775e-02	7.629569e-04
-5.103594e+00	9.211761e-02	7.877824e-04
-5.089687e+00	9.467250e-02	8.134156e-04
-5.075781e+00	9.238958e-02	8.398829e-04
-5.061875e+00	8.904599e-02	8.672114e-04
-5.047969e+00	8.781094e-02	8.954292e-04
-5.034063e+00	8.628646e-02	9.245651e-04
-5.020156e+00	8.284956e-02	9.546491e-04
-5.006250e+00	7.906321e-02	9.857119e-04
-4.992344e+00	7.549161e-02	1.017785e-03
-4.978437e+00	6.994675e-02	1.050903e-03
-4.964531e+00	6.790120e-02	1.085097e-03
-4.950625e+00	6.512182e-02	1.120405e-03
-4.936719e+00	6.271048e-02	1.156861e-03
-4.922812e+00	6.157368e-02	1.194504e-03
-4.908906e+00	5.994839e-02	1.233371e-03
-4.895000e+00	5.699566e-02	1.273503e-03
-4.881094e+00	5.424141e-02	1.314941e-03
-4.867188e+00	5.165718e-02	1.357727e-03
-4.853281e+00	5.017823e-02	1.401906e-03
-4.839375e+00	4.813325e-02	1.447521e-03
-4.825469e+00	4.797464e-02	1.494622e-03
-4.811562e+00	4.619317e-02	1.543254e-03
-4.797656e+00	4.756779e-02	1.593469e-03
-4.783750e+00	4.694357e-02	1.645319e-03
-4.769844e+00	4.840771e-02	1.698855e-03
-4.755937e+00	4.711329e-02	1.754133e-03
-4.742031e+00	4.430606e-02	1.811210e-03
-4.728125e+00	4.192733e-02	1.870144e-03
-4.714219e+00	4.100755e-02	1.930995e-03
-4.700312e+00	4.245878e-02	1.993827e-03
-4.686406e+00	4.081708e-02	2.058703e-03
-4.672500e+00	4.109341e-02	2.125690e-03
-4.658594e+00	4.259287e-02	2.194857e-03
-4.644687e+00	4.499165e-02	2.266274e-03
-4.630781e+00	4.327597e-02	2.340016e-03
-4.616875e+00	3.814649e-02	2.416156e-03
-4.602969e+00	3.365591e-02	2.494774e-03
-4.589062e+00	2.972507e-02	2.575950e-03
-4.575156e+00	3.053430e-02	2.659768e-03
-4.561250e+00	3.072617e-02	2.746313e-03
-4.547344e+00	2.985807e-02	2.835674e-03
-4.533437e+00	2.928113e-02	2.927942e-03
-4.519531e+00	3.066074e-02	3.023213e-03
-4.505625e+00	3.530442e-02	3.121584e-03
-4.491719e+00	3.413172e-02	3.223155e-03
-4.477812e+00	2.627759e-02	3.328032e-03
-4.463906e+00	2.675461e-02	3.436321e-03
-4.450000e+00	2.703653e-02	3.548134e-03
-4.436094e+00	2.720673e-02	3.663585e-03
-4.422187e+00	3.101321e-02	3.782792e-03
-4.408281e+00	2.951771e-02	3.905879e-03
-4.394375e+00	2.319441e-02	4.032970e-03
-4.380469e+00	2.539193e-02	4.164197e-03
-4.366563e+00	2.695403e-02	4.299694e-03
-4.352656e+00	3.045272e-02	4.439599e-03
-4.338750e+00	1.968512e-02	4.584057e-03
-4.324844e+00	2.507680e-02	4.733215e-03
-4.310937e+00	2.626638e-02	4.887227e-03
-4.297031e+00	2.868858e-02	5.046250e-03
-4.283125e+00	2.170705e-02	5.210447e-03
-4.269219e+00	2.443033e-02	5.379987e-03
-4.255313e+00	2.545573e-02	5.555044e-03
-4.241406e+00	1.896229e-02	5.735797e-03
-4.227500e+00	2.579243e-02	5.922431e-03
-4.213594e+00	2.012985e-02	6.115138e-03
-4.199688e+00	2.200407e-02	6.314115e-03
-4.185781e+00	2.496285e-02	6.519567e-03
-4.171875e+00	1.966233e-02	6.731704e-03
-4.157969e+00	2.534566e-02	6.950743e-03
-4.144062e+00	1.896261e-02	7.176910e-03
-4.130156e+00	2.520434e-02	7.410436e-03
-4.116250e+00	1.966543e-02	7.651560e-03
-4.102344e+00	2.187770e-02	7.900530e-03
-4.088438e+00	2.096439e-02	8.157602e-03
-4.074531e+00	1.711616e-02	8.423038e-03
-4.060625e+00	2.356820e-02	8.697111e-03
-4.046719e+00	1.572096e-02	8.980102e-03
-4.032813e+00	1.541962e-02	9.272301e-03
-4.018906e+00	2.249778e-02	9.574007e-03
-4.005000e+00	1.776735e-02	9.885531e-03
-3.991094e+00	1.697986e-02	1.020719e-02
-3.977187e+00	2.513120e-02	1.053932e-02
-3.963281e+00	2.249662e-02	1.088225e-02
-3.949375e+00	1.868609e-02	1.123634e-02
-3.935469e+00	1.574551e-02	1.160196e-02
-3.921562e+00	1.402662e-02	1.197947e-02
-3.907656e+00	1.394272e-02	1.236926e-02
-3.893750e+00	1.475968e-02	1.277174e-02
-3.879844e+00	1.767497e-02	1.318731e-02
-3.865938e+00	1.928843e-02	1.361641e-02
-3.852031e+00	1.877169e-02	1.405946e-02
-3.838125e+00	1.888404e-02	1.451694e-02
-3.824219e+00	1.809569e-02	1.498930e-02
-3.810312e+00	1.789177e-02	1.547703e-02
-3.796406e+00	1.780377e-02	1.598062e-02
-3.782500e+00	1.499087e-02	1.650061e-02
-3.768594e+00	1.320485e-02	1.703751e-02
-3.754687e+00	1.356246e-02	1.759189e-02
-3.740781e+00	1.608943e-02	1.816430e-02
-3.726875e+00	1.786220e-02	1.875534e-02
-3.712969e+00	2.080543e-02	1.936561e-02
-3.699063e+00	1.786821e-02	1.999574e-02
-3.685156e+00	1.411801e-02	2.064637e-02
-3.671250e+00	1.336188e-02	2.131817e-02
-3.657344e+00	1.776835e-02	2.201184e-02
-3.643437e+00	2.042593e-02	2.272807e-02
-3.629531e+00	1.812700e-02	2.346760e-02
-3.615625e+00	1.383773e-02	2.423120e-02
-3.601719e+00	1.911054e-02	2.501965e-02
-3.587812e+00	2.049279e-02	2.583375e-02
-3.573906e+00	1.575595e-02	2.667434e-02
-3.560000e+00	1.795602e-02	2.754229e-02
-3.546094e+00	2.145621e-02	2.843847e-02
-3.532188e+00	1.645098e-02	2.936382e-02
-3.518281e+00	1.564788e-02	3.031927e-02
-3.504375e+00	2.087440e-02	3.130581e-02
-3.490469e+00	1.754954e-02	3.232446e-02
-3.476562e+00	1.737250e-02	3.337625e-02
-3.462656e+00	2.080398e-02	3.446226e-02
-3.448750e+00	1.711808e-02	3.558361e-02
-3.434844e+00	1.793800e-02	3.674145e-02
-3.420937e+00	2.016398e-02	3.793696e-02
-3.407031e+00	1.533172e-02	3.917137e-02
-3.393125e+00	2.008585e-02	4.044595e-02
-3.379219e+00	1.810079e-02	4.176200e-02
-3.365312e+00	1.775187e-02	4.312087e-02
-3.351406e+00	2.050131e-02	4.452396e-02
-3.337500e+00	1.398668e-02	4.597270e-02
-3.323594e+00	1.973902e-02	4.746858e-02
-3.309688e+00	1.629744e-02	4.901314e-02
-3.295781e+00	1.947616e-02	5.060795e-02
-3.281875e+00	2.052032e-02	5.225466e-02
-3.267969e+00	2.189759e-02	5.395494e-02
-3.254062e+00	2.238873e-02	5.571056e-02
-3.240156e+00	1.754549e-02	5.752329e-02
-3.226250e+00	2.190670e-02	5.939502e-02
-3.212344e+00	1.849127e-02	6.132764e-02
-3.198437e+00	1.984980e-02	6.332315e-02
-3.184531e+00	1.744459e-02	6.538359e-02
-3.170625e+00	1.742446e-02	6.751107e-02
-3.156719e+00	2.077383e-02	6.970778e-02
-3.142812e+00	1.481800e-02	7.197597e-02
-3.128906e+00	2.225130e-02	7.431795e-02
-3.115000e+00	1.576817e-02	7.673615e-02
-3.101094e+00	2.133354e-02	7.923303e-02
-3.087188e+00	1.670715e-02	8.181115e-02
-3.073281e+00	2.090200e-02	8.447316e-02
-3.059375e+00	1.873622e-02	8.722179e-02
-3.045469e+00	2.107900e-02	9.005986e-02
-3.031562e+00	1.829485e-02	9.299027e-02
-3.017656e+00	1.865654e-02	9.601603e-02
-3.003750e+00	2.005363e-02	9.914025e-02
-2.989844e+00	1.672847e-02	1.023661e-01
-2.975937e+00	2.176886e-02	1.056970e-01
-2.962031e+00	1.399167e-02	1.091362e-01
-2.948125e+00	2.044116e-02	1.126873e-01
-2.934219e+00	1.496616e-02	1.163540e-01
-2.920313e+00	2.165018e-02	1.201400e-01
-2.906406e+00	1.592932e-02	1.240491e-01
-2.892500e+00	2.075077e-02	1.280855e-01
-2.878594e+00	1.578047e-02	1.322532e-01
-2.864687e+00	1.917896e-02	1.365565e-01
-2.850781e+00	1.839635e-02	1.409999e-01
-2.836875e+00	1.804164e-02	1.455878e-01
-2.822969e+00	1.985915e-02	1.503250e-01
-2.809062e+00	1.622192e-02	1.552164e-01
-2.795156e+00	1.999513e-02	1.602669e-01
-2.781250e+00	1.475216e-02	1.654817e-01
-2.767344e+00	2.062172e-02	1.708662e-01
-2.753437e+00	1.354314e-02	1.764260e-01
-2.739531e+00	2.063068e-02	1.821666e-01
-2.725625e+00	1.297518e-02	1.880940e-01
-2.711719e+00	2.012277e-02	1.942143e-01
-2.697812e+00	1.348486e-02	2.005338e-01
-2.683906e+00	1.945455e-02	2.070588e-01
-2.670000e+00	1.463707e-02	2.137962e-01
-2.656094e+00	2.027680e-02	2.207528e-01
-2.642187e+00	1.504550e-02	2.279358e-01
-2.628281e+00	1.948844e-02	2.353525e-01
-2.614375e+00	1.638464e-02	2.430105e-01
-2.600469e+00	1.956801e-02	2.509177e-01
-2.586562e+00	1.791862e-02	2.590822e-01
-2.572656e+00	1.779687e-02	2.675123e-01
-2.558750e+00	1.834655e-02	2.762167e-01
-2.544844e+00	1.694630e-02	2.852044e-01
-2.530937e+00	1.922103e-02	2.944845e-01
-2.517031e+00	1.718298e-02	3.040666e-01
-2.503125e+00	1.956593e-02	3.139605e-01
-2.489219e+00	1.470971e-02	3.241763e-01
-2.475312e+00	1.982090e-02	3.347245e-01
-2.461406e+00	1.399496e-02	3.456159e-01
-2.447500e+00	2.013867e-02	3.568617e-01
-2.433594e+00	1.315746e-02	3.684735e-01
-2.419688e+00	2.004059e-02	3.804631e-01
-2.405781e+00	1.278580e-02	3.928428e-01
-2.391875e+00	2.002383e-02	4.056253e-01
-2.377969e+00	1.440813e-02	4.188237e-01
-2.364063e+00	2.035495e-02	4.324516e-01
-2.350156e+00	1.500585e-02	4.465229e-01
-2.336250e+00	2.007609e-02	4.610521e-01
-2.322344e+00	1.465395e-02	4.760540e-01
-2.308437e+00	2.007828e-02	4.915441e-01
-2.294531e+00	1.627294e-02	5.075382e-01
-2.280625e+00	1.982040e-02	5.240527e-01
-2.266719e+00	1.787746e-02	5.411046e-01
-2.252812e+00	1.746756e-02	5.587114e-01
-2.238906e+00	1.849146e-02	5.768910e-01
-2.225000e+00	1.783787e-02	5.956621e-01
-2.211094e+00	1.965026e-02	6.150441e-01
-2.197188e+00	1.624576e-02	6.350567e-01
-2.183281e+00	2.064068e-02	6.557205e-01
-2.169375e+00	1.384357e-02	6.770566e-01
-2.155469e+00	2.067904e-02	6.990870e-01
-2.141562e+00	1.409873e-02	7.218343e-01
-2.127656e+00	2.003425e-02	7.453217e-01
-2.113750e+00	1.226940e-02	7.695733e-01
-2.099844e+00	2.023110e-02	7.946141e-01
-2.085937e+00	1.312263e-02	8.204696e-01
-2.072031e+00	2.054332e-02	8.471665e-01
-2.058125e+00	1.396300e-02	8.747320e-01
-2.044219e+00	2.054152e-02	9.031944e-01
-2.030312e+00	1.550205e-02	9.325830e-01
-2.016406e+00	1.978949e-02	9.629279e-01
-2.002500e+00	1.639069e-02	9.942601e-01
-1.988594e+00	1.891107e-02	1.026612e+00
-1.974688e+00	1.627325e-02	1.060016e+00
-1.960781e+00	1.821275e-02	1.094508e+00
-1.946875e+00	1.826566e-02	1.130121e+00
-1.932969e+00	1.739267e-02	1.166894e+00
-1.919062e+00	1.986348e-02	1.204863e+00
-1.905156e+00	1.599809e-02	1.244067e+00
-1.891250e+00	2.008299e-02	1.284547e+00
-1.877344e+00	1.438683e-02	1.326344e+00
-1.863437e+00	2.029834e-02	1.369501e+00
-1.849531e+00	1.388551e-02	1.414063e+00
-1.835625e+00	2.093194e-02	1.460074e+00
-1.821719e+00	1.275115e-02	1.507583e+00
-1.807813e+00	2.017634e-02	1.556638e+00
-1.793906e+00	1.395827e-02	1.607288e+00
-1.780000e+00	1.984019e-02	1.659587e+00
-1.766094e+00	1.458965e-02	1.713587e+00
-1.752187e+00	2.066756e-02	1.769345e+00
-1.738281e+00	1.430622e-02	1.826917e+00
-1.724375e+00	1.972422e-02	1.886362e+00
-1.710469e+00	1.511056e-02	1.947741e+00
-1.696562e+00	1.991875e-02	2.011118e+00
-1.682656e+00	1.693855e-02	2.076556e+00
-1.668750e+00	1.859116e-02	2.144125e+00
-1.654844e+00	1.690815e-02	2.213891e+00
-1.640937e+00	1.839050e-02	2.285928e+00
-1.627031e+00	1.831300e-02	2.360308e+00
-1.613125e+00	1.820962e-02	2.437109e+00
-1.599219e+00	1.919223e-02	2.516409e+00
-1.585313e+00	1.657285e-02	2.598289e+00
-1.571406e+00	1.937511e-02	2.682834e+00
-1.557500e+00	1.586664e-02	2.770129e+00
-1.543594e+00	1.982810e-02	2.860265e+00
-1.529687e+00	1.440252e-02	2.953334e+00
-1.515781e+00	2.011925e-02	3.049431e+00
-1.501875e+00	1.276386e-02	3.148654e+00
-1.487969e+00	2.003538e-02	3.251107e+00
-1.474062e+00	1.437866e-02	3.356893e+00
-1.460156e+00	2.057594e-02	3.466121e+00
-1.446250e+00	1.357016e-02	3.578904e+00
-1.432344e+00	2.055429e-02	3.695356e+00
-1.418438e+00	1.365692e-02	3.815597e+00
-1.404531e+00	2.065811e-02	3.939751e+00
-1.390625e+00	1.444008e-02	4.067944e+00
-1.376719e+00	1.990530e-02	4.200309e+00
-1.362812e+00	1.575971e-02	4.336981e+00
-1.348906e+00	1.898722e-02	4.478100e+00
-1.335000e+00	1.712980e-02	4.623810e+00
-1.321094e+00	1.918503e-02	4.774262e+00
-1.307187e+00	1.838090e-02	4.929609e+00
-1.293281e+00	1.856028e-02	5.090011e+00
-1.279375e+00	1.959589e-02	5.255633e+00
-1.265469e+00	1.701071e-02	5.426643e+00
-1.251563e+00	2.035247e-02	5.603218e+00
-1.237656e+00	1.600988e-02	5.785538e+00
-1.223750e+00	1.995661e-02	5.973791e+00
-1.209844e+00	1.402512e-02	6.168169e+00
-1.195937e+00	2.038687e-02	6.368872e+00
-1.182031e+00	1.333972e-02	6.576105e+00
-1.168125e+00	2.132882e-02	6.790082e+00
-1.154219e+00	1.402983e-02	7.011021e+00
-1.140313e+00	2.120350e-02	7.239149e+00
-1.126406e+00	1.416911e-02	7.474700e+00
-1.112500e+00	2.039776e-02	7.717915e+00
-1.098594e+00	1.477523e-02	7.969044e+00
-1.084687e+00	2.014639e-02	8.228345e+00
-1.070781e+00	1.437440e-02	8.496083e+00
-1.056875e+00	1.935201e-02	8.772533e+00
-1.042969e+00	1.616536e-02	9.057978e+00
-1.029062e+00	1.917996e-02	9.352711e+00
-1.015156e+00	1.863500e-02	9.657034e+00
-1.001250e+00	1.796369e-02	9.971259e+00
-9.873438e-01	1.883714e-02	1.029571e+01
-9.734375e-01	1.633317e-02	1.063072e+01
-9.595312e-01	1.949097e-02	1.097662e+01
-9.456250e-01	1.683168e-02	1.133379e+01
-9.317188e-01	2.021068e-02	1.170257e+01
-9.178125e-01	1.456224e-02	1.208335e+01
-9.039062e-01	1.980275e-02	1.247653e+01
-8.900000e-01	1.531788e-02	1.288250e+01
-8.760937e-01	2.004163e-02	1.330167e+01
-8.621875e-01	1.504834e-02	1.373449e+01
-8.482812e-01	2.092667e-02	1.418139e+01
-8.343750e-01	1.469156e-02	1.464283e+01
-8.204687e-01	1.988521e-02	1.511928e+01
-8.065625e-01	1.335580e-02	1.561124e+01
-7.926562e-01	2.015223e-02	1.611921e+01
-7.787500e-01	1.455755e-02	1.664370e+01
-7.648437e-01	1.998403e-02	1.718527e+01
-7.509375e-01	1.471393e-02	1.774445e+01
-7.370312e-01	1.915753e-02	1.832183e+01
-7.231250e-01	1.554784e-02	1.891799e+01
-7.092188e-01	2.017501e-02	1.953355e+01
-6.953125e-01	1.770688e-02	2.016915e+01
-6.814062e-01	1.964780e-02	2.082542e+01
-6.675000e-01	1.759606e-02	2.150305e+01
-6.535937e-01	1.859868e-02	2.220272e+01
-6.396875e-01	1.864250e-02	2.292517e+01
-6.257812e-01	1.593860e-02	2.367112e+01
-6.118750e-01	1.969175e-02	2.444134e+01
-5.979687e-01	1.586633e-02	2.523662e+01
-5.840625e-01	1.975775e-02	2.605779e+01
-5.701562e-01	1.639191e-02	2.690567e+01
-5.562500e-01	2.085687e-02	2.778114e+01
-5.423437e-01	1.427838e-02	2.868509e+01
-5.284375e-01	2.092864e-02	2.961846e+01
-5.145312e-01	1.309603e-02	3.058220e+01
-5.006250e-01	2.058685e-02	3.157730e+01
-4.867187e-01	1.294809e-02	3.260478e+01
-4.728125e-01	2.043734e-02	3.366569e+01
-4.589062e-01	1.339354e-02	3.476112e+01
-4.450000e-01	1.947425e-02	3.589219e+01
-4.310937e-01	1.437091e-02	3.706007e+01
-4.171875e-01	2.010888e-02	3.826595e+01
-4.032813e-01	1.632286e-02	3.951107e+01
-3.893750e-01	1.974829e-02	4.079670e+01
-3.754687e-01	1.789330e-02	4.212416e+01
-3.615625e-01	1.893194e-02	4.349482e+01
-3.476562e-01	1.899475e-02	4.491007e+01
-3.337500e-01	1.853717e-02	4.637138e+01
-3.198437e-01	1.869796e-02	4.788023e+01
-3.059375e-01	1.740375e-02	4.943818e+01
-2.920312e-01	8.829202e-01	5.104683e+01
-2.781250e-01	1.166626e+00	5.270781e+01
-2.642188e-01	1.408574e+00	5.442285e+01
-2.503125e-01	1.594290e+00	5.619368e+01
-2.364062e-01	1.747369e+00	5.802214e+01
-2.225000e-01	1.946478e+00	5.991009e+01
-2.085937e-01	2.197292e+00	6.185948e+01
-1.946875e-01	2.446337e+00	6.387229e+01
-1.807813e-01	2.730962e+00	6.595060e+01
-1.668750e-01	3.059110e+00	6.809653e+01
-1.529687e-01	3.401792e+00	7.031229e+01
-1.390625e-01	3.986702e+00	7.260015e+01
-1.251562e-01	4.681107e+00	7.496245e+01
-1.112500e-01	5.521735e+00	7.740161e+01
-9.734375e-02	6.779003e+00	7.992014e+01
-8.343750e-02	8.366523e+00	8.252062e+01
-6.953125e-02	1.098960e+01	8.520572e+01
-5.562500e-02	1.549592e+01	8.797819e+01
-4.171875e-02	2.238043e+01	9.084086e+01
-2.781250e-02	3.317157e+01	9.379669e+01
-1.390625e-02	8.328865e+01	9.684869e+01
