Tue Aug 27 19:31:04 JST 2024
-8.900000e+00	9.059922e-02	1.258925e-07
-8.886094e+00	9.227379e-02	1.299889e-07
-8.872187e+00	8.873404e-02	1.342185e-07
-8.858281e+00	8.221359e-02	1.385858e-07
-8.844375e+00	7.882449e-02	1.430952e-07
-8.830469e+00	7.726214e-02	1.477513e-07
-8.816562e+00	7.845364e-02	1.525589e-07
-8.802656e+00	7.507298e-02	1.575229e-07
-8.788750e+00	7.067329e-02	1.626485e-07
-8.774844e+00	6.690038e-02	1.679408e-07
-8.760938e+00	6.756754e-02	1.734054e-07
-8.747031e+00	6.649326e-02	1.790477e-07
-8.733125e+00	6.275639e-02	1.848736e-07
-8.719219e+00	5.900333e-02	1.908892e-07
-8.705312e+00	5.927284e-02	1.971004e-07
-8.691406e+00	5.826866e-02	2.035137e-07
-8.677500e+00	5.469782e-02	2.101358e-07
-8.663594e+00	5.242336e-02	2.169733e-07
-8.649687e+00	5.356801e-02	2.240333e-07
-8.635781e+00	5.009057e-02	2.313230e-07
-8.621875e+00	4.748041e-02	2.388499e-07
-8.607969e+00	4.818662e-02	2.466217e-07
-8.594062e+00	4.547287e-02	2.546464e-07
-8.580156e+00	4.337445e-02	2.629322e-07
-8.566250e+00	4.374269e-02	2.714876e-07
-8.552344e+00	4.041151e-02	2.803214e-07
-8.538437e+00	4.048440e-02	2.894426e-07
-8.524531e+00	3.902374e-02	2.988607e-07
-8.510625e+00	3.694864e-02	3.085851e-07
-8.496719e+00	3.709165e-02	3.186260e-07
-8.482812e+00	3.453735e-02	3.289936e-07
-8.468906e+00	3.492841e-02	3.396986e-07
-8.455000e+00	3.252751e-02	3.507519e-07
-8.441094e+00	3.262476e-02	3.621648e-07
-8.427188e+00	3.056857e-02	3.739491e-07
-8.413281e+00	3.100172e-02	3.861168e-07
-8.399375e+00	2.863123e-02	3.986805e-07
-8.385469e+00	2.901602e-02	4.116530e-07
-8.371562e+00	2.714322e-02	4.250475e-07
-8.357656e+00	2.685917e-02	4.388779e-07
-8.343750e+00	2.567137e-02	4.531584e-07
-8.329844e+00	2.475585e-02	4.679035e-07
-8.315937e+00	2.436679e-02	4.831283e-07
-8.302031e+00	2.333668e-02	4.988486e-07
-8.288125e+00	2.248274e-02	5.150804e-07
-8.274219e+00	2.207918e-02	5.318403e-07
-8.260312e+00	2.154851e-02	5.491456e-07
-8.246406e+00	2.043306e-02	5.670140e-07
-8.232500e+00	1.965956e-02	5.854637e-07
-8.218594e+00	1.927024e-02	6.045138e-07
-8.204688e+00	1.883800e-02	6.241838e-07
-8.190781e+00	1.839427e-02	6.444938e-07
-8.176875e+00	1.779161e-02	6.654647e-07
-8.162969e+00	1.715703e-02	6.871179e-07
-8.149063e+00	1.648183e-02	7.094757e-07
-8.135156e+00	1.586635e-02	7.325609e-07
-8.121250e+00	1.554675e-02	7.563974e-07
-8.107344e+00	1.533839e-02	7.810094e-07
-8.093438e+00	1.472193e-02	8.064222e-07
-8.079531e+00	1.439003e-02	8.326620e-07
-8.065625e+00	1.382420e-02	8.597556e-07
-8.051719e+00	1.324875e-02	8.877307e-07
-8.037813e+00	1.284441e-02	9.166161e-07
-8.023906e+00	1.257747e-02	9.464414e-07
-8.010000e+00	1.209016e-02	9.772372e-07
-7.996094e+00	1.158650e-02	1.009035e-06
-7.982187e+00	1.153007e-02	1.041868e-06
-7.968281e+00	1.091719e-02	1.075768e-06
-7.954375e+00	1.085711e-02	1.110772e-06
-7.940469e+00	1.015395e-02	1.146915e-06
-7.926563e+00	1.001649e-02	1.184234e-06
-7.912656e+00	9.716097e-03	1.222767e-06
-7.898750e+00	9.284884e-03	1.262554e-06
-7.884844e+00	9.040177e-03	1.303636e-06
-7.870937e+00	8.909655e-03	1.346054e-06
-7.857031e+00	8.535423e-03	1.389853e-06
-7.843125e+00	8.377736e-03	1.435076e-06
-7.829219e+00	8.055252e-03	1.481772e-06
-7.815312e+00	7.996465e-03	1.529986e-06
-7.801406e+00	7.821118e-03	1.579770e-06
-7.787500e+00	7.387014e-03	1.631173e-06
-7.773594e+00	7.186891e-03	1.684249e-06
-7.759688e+00	7.089969e-03	1.739052e-06
-7.745781e+00	6.767031e-03	1.795638e-06
-7.731875e+00	6.667682e-03	1.854065e-06
-7.717969e+00	6.412878e-03	1.914394e-06
-7.704062e+00	6.305693e-03	1.976685e-06
-7.690156e+00	6.243036e-03	2.041004e-06
-7.676250e+00	5.872647e-03	2.107415e-06
-7.662344e+00	5.752702e-03	2.175987e-06
-7.648437e+00	5.573613e-03	2.246790e-06
-7.634531e+00	5.550119e-03	2.319897e-06
-7.620625e+00	5.448061e-03	2.395383e-06
-7.606719e+00	5.200437e-03	2.473325e-06
-7.592812e+00	5.187577e-03	2.553804e-06
-7.578906e+00	5.003255e-03	2.636901e-06
-7.565000e+00	4.815635e-03	2.722701e-06
-7.551094e+00	4.753569e-03	2.811294e-06
-7.537187e+00	4.703588e-03	2.902769e-06
-7.523281e+00	4.695349e-03	2.997221e-06
-7.509375e+00	4.631712e-03	3.094746e-06
-7.495469e+00	4.518006e-03	3.195444e-06
-7.481562e+00	4.649414e-03	3.299419e-06
-7.467656e+00	4.523849e-03	3.406777e-06
-7.453750e+00	4.572006e-03	3.517629e-06
-7.439844e+00	4.511585e-03	3.632087e-06
-7.425937e+00	4.391144e-03	3.750270e-06
-7.412031e+00	4.310456e-03	3.872298e-06
-7.398125e+00	4.171574e-03	3.998297e-06
-7.384219e+00	4.020855e-03	4.128395e-06
-7.370313e+00	3.807239e-03	4.262727e-06
-7.356406e+00	3.724064e-03	4.401430e-06
-7.342500e+00	3.470379e-03	4.544645e-06
-7.328594e+00	3.323229e-03	4.692521e-06
-7.314687e+00	3.101790e-03	4.845209e-06
-7.300781e+00	2.894594e-03	5.002865e-06
-7.286875e+00	2.516830e-03	5.165650e-06
-7.272969e+00	2.453877e-03	5.333733e-06
-7.259062e+00	2.495315e-03	5.507284e-06
-7.245156e+00	2.440910e-03	5.686483e-06
-7.231250e+00	2.450884e-03	5.871513e-06
-7.217344e+00	2.488293e-03	6.062563e-06
-7.203438e+00	2.591851e-03	6.259829e-06
-7.189531e+00	2.672451e-03	6.463515e-06
-7.175625e+00	2.499384e-03	6.673828e-06
-7.161719e+00	2.395482e-03	6.890984e-06
-7.147813e+00	2.342625e-03	7.115206e-06
-7.133906e+00	2.228831e-03	7.346724e-06
-7.120000e+00	2.573301e-03	7.585776e-06
-7.106094e+00	2.945096e-03	7.832605e-06
-7.092187e+00	3.092640e-03	8.087467e-06
-7.078281e+00	3.267403e-03	8.350621e-06
-7.064375e+00	2.916827e-03	8.622337e-06
-7.050469e+00	2.265021e-03	8.902895e-06
-7.036563e+00	1.750295e-03	9.192582e-06
-7.022656e+00	1.998570e-03	9.491694e-06
-7.008750e+00	2.134480e-03	9.800540e-06
-6.994844e+00	2.025184e-03	1.011943e-05
-6.980938e+00	1.904101e-03	1.044871e-05
-6.967031e+00	2.777519e-03	1.078869e-05
-6.953125e+00	3.158773e-03	1.113974e-05
-6.939219e+00	2.389110e-03	1.150221e-05
-6.925312e+00	1.740094e-03	1.187647e-05
-6.911406e+00	2.061351e-03	1.226292e-05
-6.897500e+00	1.950374e-03	1.266193e-05
-6.883594e+00	2.876676e-03	1.307393e-05
-6.869687e+00	2.904569e-03	1.349934e-05
-6.855781e+00	1.600216e-03	1.393859e-05
-6.841875e+00	2.061352e-03	1.439213e-05
-6.827969e+00	2.110245e-03	1.486043e-05
-6.814063e+00	2.942511e-03	1.534396e-05
-6.800156e+00	1.605279e-03	1.584323e-05
-6.786250e+00	1.797056e-03	1.635875e-05
-6.772344e+00	3.092910e-03	1.689103e-05
-6.758437e+00	1.401098e-03	1.744064e-05
-6.744531e+00	1.793375e-03	1.800814e-05
-6.730625e+00	2.996134e-03	1.859409e-05
-6.716719e+00	1.803139e-03	1.919912e-05
-6.702812e+00	2.646601e-03	1.982383e-05
-6.688906e+00	1.440219e-03	2.046886e-05
-6.675000e+00	2.276135e-03	2.113489e-05
-6.661094e+00	1.528858e-03	2.182259e-05
-6.647188e+00	2.738914e-03	2.253266e-05
-6.633281e+00	1.805174e-03	2.326584e-05
-6.619375e+00	2.589341e-03	2.402288e-05
-6.605469e+00	1.937582e-03	2.480454e-05
-6.591562e+00	1.810709e-03	2.561165e-05
-6.577656e+00	1.410678e-03	2.644501e-05
-6.563750e+00	2.905944e-03	2.730549e-05
-6.549844e+00	2.674625e-03	2.819397e-05
-6.535937e+00	1.909676e-03	2.911136e-05
-6.522031e+00	1.713017e-03	3.005860e-05
-6.508125e+00	1.631948e-03	3.103666e-05
-6.494219e+00	2.233416e-03	3.204655e-05
-6.480313e+00	2.902119e-03	3.308929e-05
-6.466406e+00	2.308664e-03	3.416597e-05
-6.452500e+00	1.692251e-03	3.527768e-05
-6.438594e+00	1.732477e-03	3.642556e-05
-6.424687e+00	1.797312e-03	3.761079e-05
-6.410781e+00	1.439031e-03	3.883459e-05
-6.396875e+00	1.272969e-03	4.009821e-05
-6.382969e+00	2.878845e-03	4.140295e-05
-6.369062e+00	1.569149e-03	4.275014e-05
-6.355156e+00	1.591629e-03	4.414116e-05
-6.341250e+00	1.544298e-03	4.557745e-05
-6.327344e+00	1.416518e-03	4.706047e-05
-6.313437e+00	2.585803e-03	4.859175e-05
-6.299531e+00	1.513203e-03	5.017285e-05
-6.285625e+00	1.541965e-03	5.180540e-05
-6.271719e+00	1.544369e-03	5.349107e-05
-6.257812e+00	2.637484e-03	5.523158e-05
-6.243906e+00	1.657286e-03	5.702874e-05
-6.230000e+00	1.544718e-03	5.888437e-05
-6.216094e+00	2.199493e-03	6.080037e-05
-6.202187e+00	2.453488e-03	6.277873e-05
-6.188281e+00	1.580632e-03	6.482145e-05
-6.174375e+00	2.434596e-03	6.693064e-05
-6.160469e+00	2.202564e-03	6.910847e-05
-6.146562e+00	1.681516e-03	7.135715e-05
-6.132656e+00	2.091849e-03	7.367900e-05
-6.118750e+00	2.563421e-03	7.607641e-05
-6.104844e+00	1.559156e-03	7.855182e-05
-6.090937e+00	2.571565e-03	8.110778e-05
-6.077031e+00	2.383394e-03	8.374690e-05
-6.063125e+00	2.193977e-03	8.647190e-05
-6.049219e+00	2.646836e-03	8.928556e-05
-6.035312e+00	1.427117e-03	9.219078e-05
-6.021406e+00	2.312752e-03	9.519053e-05
-6.007500e+00	1.639074e-03	9.828789e-05
-5.993594e+00	1.595879e-03	1.014860e-04
-5.979687e+00	1.619930e-03	1.047882e-04
-5.965781e+00	2.323930e-03	1.081979e-04
-5.951875e+00	1.623528e-03	1.117185e-04
-5.937969e+00	2.675088e-03	1.153536e-04
-5.924062e+00	2.253679e-03	1.191071e-04
-5.910156e+00	2.362289e-03	1.229826e-04
-5.896250e+00	2.499330e-03	1.269843e-04
-5.882344e+00	1.541900e-03	1.311162e-04
-5.868437e+00	2.609679e-03	1.353825e-04
-5.854531e+00	2.114978e-03	1.397876e-04
-5.840625e+00	1.828159e-03	1.443361e-04
-5.826719e+00	2.086136e-03	1.490326e-04
-5.812813e+00	2.574309e-03	1.538819e-04
-5.798906e+00	1.788992e-03	1.588890e-04
-5.785000e+00	2.512531e-03	1.640590e-04
-5.771094e+00	1.757420e-03	1.693972e-04
-5.757187e+00	1.477591e-03	1.749091e-04
-5.743281e+00	1.527903e-03	1.806004e-04
-5.729375e+00	1.634875e-03	1.864769e-04
-5.715469e+00	2.259671e-03	1.925446e-04
-5.701563e+00	2.414168e-03	1.988097e-04
-5.687656e+00	2.025865e-03	2.052786e-04
-5.673750e+00	1.979439e-03	2.119581e-04
-5.659844e+00	2.525399e-03	2.188549e-04
-5.645937e+00	2.477344e-03	2.259761e-04
-5.632031e+00	2.427962e-03	2.333290e-04
-5.618125e+00	2.409350e-03	2.409212e-04
-5.604219e+00	2.613620e-03	2.487604e-04
-5.590312e+00	2.376864e-03	2.568547e-04
-5.576406e+00	1.755072e-03	2.652124e-04
-5.562500e+00	2.615855e-03	2.738420e-04
-5.548594e+00	1.824301e-03	2.827524e-04
-5.534688e+00	2.490448e-03	2.919527e-04
-5.520781e+00	1.765762e-03	3.014524e-04
-5.506875e+00	2.243747e-03	3.112612e-04
-5.492969e+00	2.580028e-03	3.213892e-04
-5.479062e+00	2.355321e-03	3.318467e-04
-5.465156e+00	2.099966e-03	3.426445e-04
-5.451250e+00	1.973998e-03	3.537936e-04
-5.437344e+00	1.846251e-03	3.653055e-04
-5.423437e+00	1.864019e-03	3.771920e-04
-5.409531e+00	2.244874e-03	3.894653e-04
-5.395625e+00	2.427560e-03	4.021379e-04
-5.381719e+00	2.586647e-03	4.152229e-04
-5.367813e+00	2.472624e-03	4.287336e-04
-5.353906e+00	1.964882e-03	4.426839e-04
-5.340000e+00	2.045051e-03	4.570882e-04
-5.326094e+00	2.690655e-03	4.719611e-04
-5.312187e+00	2.173261e-03	4.873181e-04
-5.298281e+00	2.030952e-03	5.031746e-04
-5.284375e+00	2.645299e-03	5.195472e-04
-5.270469e+00	1.963177e-03	5.364525e-04
-5.256562e+00	2.588861e-03	5.539078e-04
-5.242656e+00	2.166438e-03	5.719311e-04
-5.228750e+00	2.548280e-03	5.905409e-04
-5.214844e+00	2.006843e-03	6.097562e-04
-5.200938e+00	2.529747e-03	6.295968e-04
-5.187031e+00	1.947009e-03	6.500829e-04
-5.173125e+00	2.596864e-03	6.712356e-04
-5.159219e+00	2.146481e-03	6.930766e-04
-5.145312e+00	2.600693e-03	7.156283e-04
-5.131406e+00	2.397803e-03	7.389138e-04
-5.117500e+00	2.051455e-03	7.629569e-04
-5.103594e+00	2.604325e-03	7.877824e-04
-5.089687e+00	2.269533e-03	8.134156e-04
-5.075781e+00	2.270079e-03	8.398829e-04
-5.061875e+00	2.532047e-03	8.672114e-04
-5.047969e+00	2.165943e-03	8.954292e-04
-5.034063e+00	2.157001e-03	9.245651e-04
-5.020156e+00	2.560159e-03	9.546491e-04
-5.006250e+00	2.290735e-03	9.857119e-04
-4.992344e+00	1.917425e-03	1.017785e-03
-4.978437e+00	2.691233e-03	1.050903e-03
-4.964531e+00	2.621510e-03	1.085097e-03
-4.950625e+00	1.975875e-03	1.120405e-03
-4.936719e+00	2.096579e-03	1.156861e-03
-4.922812e+00	2.655995e-03	1.194504e-03
-4.908906e+00	2.485629e-03	1.233371e-03
-4.895000e+00	1.898701e-03	1.273503e-03
-4.881094e+00	2.169941e-03	1.314941e-03
-4.867188e+00	2.542353e-03	1.357727e-03
-4.853281e+00	2.550024e-03	1.401906e-03
-4.839375e+00	2.044432e-03	1.447521e-03
-4.825469e+00	1.972724e-03	1.494622e-03
-4.811562e+00	2.500951e-03	1.543254e-03
-4.797656e+00	2.657017e-03	1.593469e-03
-4.783750e+00	2.372981e-03	1.645319e-03
-4.769844e+00	2.086169e-03	1.698855e-03
-4.755937e+00	2.240902e-03	1.754133e-03
-4.742031e+00	2.596974e-03	1.811210e-03
-4.728125e+00	2.462689e-03	1.870144e-03
-4.714219e+00	2.121675e-03	1.930995e-03
-4.700312e+00	1.734174e-03	1.993827e-03
-4.686406e+00	2.307102e-03	2.058703e-03
-4.672500e+00	2.623665e-03	2.125690e-03
-4.658594e+00	2.516680e-03	2.194857e-03
-4.644687e+00	2.191333e-03	2.266274e-03
-4.630781e+00	1.978910e-03	2.340016e-03
-4.616875e+00	2.221022e-03	2.416156e-03
-4.602969e+00	2.584400e-03	2.494774e-03
-4.589062e+00	2.646835e-03	2.575950e-03
-4.575156e+00	2.485853e-03	2.659768e-03
-4.561250e+00	2.075503e-03	2.746313e-03
-4.547344e+00	2.137001e-03	2.835674e-03
-4.533437e+00	2.605640e-03	2.927942e-03
-4.519531e+00	2.706348e-03	3.023213e-03
-4.505625e+00	2.448648e-03	3.121584e-03
-4.491719e+00	2.212503e-03	3.223155e-03
-4.477812e+00	2.183631e-03	3.328032e-03
-4.463906e+00	2.507875e-03	3.436321e-03
-4.450000e+00	2.635849e-03	3.548134e-03
-4.436094e+00	2.539030e-03	3.663585e-03
-4.422187e+00	2.040518e-03	3.782792e-03
-4.408281e+00	1.944640e-03	3.905879e-03
-4.394375e+00	2.328293e-03	4.032970e-03
-4.380469e+00	2.622570e-03	4.164197e-03
-4.366563e+00	2.607111e-03	4.299694e-03
-4.352656e+00	2.279259e-03	4.439599e-03
-4.338750e+00	1.927554e-03	4.584057e-03
-4.324844e+00	2.152109e-03	4.733215e-03
-4.310937e+00	2.456296e-03	4.887227e-03
-4.297031e+00	2.562274e-03	5.046250e-03
-4.283125e+00	2.481769e-03	5.210447e-03
-4.269219e+00	2.046789e-03	5.379987e-03
-4.255313e+00	1.710852e-03	5.555044e-03
-4.241406e+00	2.200364e-03	5.735797e-03
-4.227500e+00	2.546794e-03	5.922431e-03
-4.213594e+00	2.606914e-03	6.115138e-03
-4.199688e+00	2.445566e-03	6.314115e-03
-4.185781e+00	1.981738e-03	6.519567e-03
-4.171875e+00	1.748298e-03	6.731704e-03
-4.157969e+00	2.277676e-03	6.950743e-03
-4.144062e+00	2.482677e-03	7.176910e-03
-4.130156e+00	2.516761e-03	7.410436e-03
-4.116250e+00	2.280526e-03	7.651560e-03
-4.102344e+00	1.756031e-03	7.900530e-03
-4.088438e+00	1.904687e-03	8.157602e-03
-4.074531e+00	2.460192e-03	8.423038e-03
-4.060625e+00	2.560312e-03	8.697111e-03
-4.046719e+00	2.520940e-03	8.980102e-03
-4.032813e+00	2.124760e-03	9.272301e-03
-4.018906e+00	1.703888e-03	9.574007e-03
-4.005000e+00	2.029825e-03	9.885531e-03
-3.991094e+00	2.446692e-03	1.020719e-02
-3.977187e+00	2.513651e-03	1.053932e-02
-3.963281e+00	2.376224e-03	1.088225e-02
-3.949375e+00	2.034058e-03	1.123634e-02
-3.935469e+00	1.662521e-03	1.160196e-02
-3.921562e+00	2.199133e-03	1.197947e-02
-3.907656e+00	2.531277e-03	1.236926e-02
-3.893750e+00	2.501629e-03	1.277174e-02
-3.879844e+00	2.281085e-03	1.318731e-02
-3.865938e+00	1.924808e-03	1.361641e-02
-3.852031e+00	1.774801e-03	1.405946e-02
-3.838125e+00	2.288045e-03	1.451694e-02
-3.824219e+00	2.474288e-03	1.498930e-02
-3.810312e+00	2.514035e-03	1.547703e-02
-3.796406e+00	2.106371e-03	1.598062e-02
-3.782500e+00	1.688950e-03	1.650061e-02
-3.768594e+00	1.916833e-03	1.703751e-02
-3.754687e+00	2.442205e-03	1.759189e-02
-3.740781e+00	2.522560e-03	1.816430e-02
-3.726875e+00	2.472545e-03	1.875534e-02
-3.712969e+00	2.022955e-03	1.936561e-02
-3.699063e+00	1.582794e-03	1.999574e-02
-3.685156e+00	2.069562e-03	2.064637e-02
-3.671250e+00	2.462149e-03	2.131817e-02
-3.657344e+00	2.499407e-03	2.201184e-02
-3.643437e+00	2.387304e-03	2.272807e-02
-3.629531e+00	1.915661e-03	2.346760e-02
-3.615625e+00	1.731512e-03	2.423120e-02
-3.601719e+00	2.295153e-03	2.501965e-02
-3.587812e+00	2.557876e-03	2.583375e-02
-3.573906e+00	2.576002e-03	2.667434e-02
-3.560000e+00	2.276037e-03	2.754229e-02
-3.546094e+00	1.752580e-03	2.843847e-02
-3.532188e+00	1.852292e-03	2.936382e-02
-3.518281e+00	2.324660e-03	3.031927e-02
-3.504375e+00	2.510302e-03	3.130581e-02
-3.490469e+00	2.476439e-03	3.232446e-02
-3.476562e+00	2.174234e-03	3.337625e-02
-3.462656e+00	1.796603e-03	3.446226e-02
-3.448750e+00	1.991260e-03	3.558361e-02
-3.434844e+00	2.491980e-03	3.674145e-02
-3.420937e+00	2.533718e-03	3.793696e-02
-3.407031e+00	2.470903e-03	3.917137e-02
-3.393125e+00	1.987601e-03	4.044595e-02
-3.379219e+00	1.681379e-03	4.176200e-02
-3.365312e+00	2.057755e-03	4.312087e-02
-3.351406e+00	2.397938e-03	4.452396e-02
-3.337500e+00	2.460912e-03	4.597270e-02
-3.323594e+00	2.411929e-03	4.746858e-02
-3.309688e+00	1.957027e-03	4.901314e-02
-3.295781e+00	1.745371e-03	5.060795e-02
-3.281875e+00	2.252993e-03	5.225466e-02
-3.267969e+00	2.506053e-03	5.395494e-02
-3.254062e+00	2.508042e-03	5.571056e-02
-3.240156e+00	2.277218e-03	5.752329e-02
-3.226250e+00	1.796545e-03	5.939502e-02
-3.212344e+00	1.863457e-03	6.132764e-02
-3.198437e+00	2.299540e-03	6.332315e-02
-3.184531e+00	2.497409e-03	6.538359e-02
-3.170625e+00	2.528126e-03	6.751107e-02
-3.156719e+00	2.270561e-03	6.970778e-02
-3.142812e+00	1.682430e-03	7.197597e-02
-3.128906e+00	1.951424e-03	7.431795e-02
-3.115000e+00	2.407817e-03	7.673615e-02
-3.101094e+00	2.481269e-03	7.923303e-02
-3.087188e+00	2.446144e-03	8.181115e-02
-3.073281e+00	2.023908e-03	8.447316e-02
-3.059375e+00	1.677170e-03	8.722179e-02
-3.045469e+00	2.105106e-03	9.005986e-02
-3.031562e+00	2.494299e-03	9.299027e-02
-3.017656e+00	2.550169e-03	9.601603e-02
-3.003750e+00	2.443752e-03	9.914025e-02
-2.989844e+00	1.997917e-03	1.023661e-01
-2.975937e+00	1.756613e-03	1.056970e-01
-2.962031e+00	2.265533e-03	1.091362e-01
-2.948125e+00	2.498344e-03	1.126873e-01
-2.934219e+00	2.481555e-03	1.163540e-01
-2.920313e+00	2.285373e-03	1.201400e-01
-2.906406e+00	1.743213e-03	1.240491e-01
-2.892500e+00	1.786015e-03	1.280855e-01
-2.878594e+00	2.309774e-03	1.322532e-01
-2.864687e+00	2.516947e-03	1.365565e-01
-2.850781e+00	2.578590e-03	1.409999e-01
-2.836875e+00	2.183239e-03	1.455878e-01
-2.822969e+00	1.685936e-03	1.503250e-01
-2.809062e+00	1.989316e-03	1.552164e-01
-2.795156e+00	2.310958e-03	1.602669e-01
-2.781250e+00	2.511702e-03	1.654817e-01
-2.767344e+00	2.377121e-03	1.708662e-01
-2.753437e+00	2.010925e-03	1.764260e-01
-2.739531e+00	1.609759e-03	1.821666e-01
-2.725625e+00	2.113903e-03	1.880940e-01
-2.711719e+00	2.477548e-03	1.942143e-01
-2.697812e+00	2.544970e-03	2.005338e-01
-2.683906e+00	2.373412e-03	2.070588e-01
-2.670000e+00	2.003654e-03	2.137962e-01
-2.656094e+00	1.733207e-03	2.207528e-01
-2.642187e+00	2.188900e-03	2.279358e-01
-2.628281e+00	2.465342e-03	2.353525e-01
-2.614375e+00	2.539984e-03	2.430105e-01
-2.600469e+00	2.303194e-03	2.509177e-01
-2.586562e+00	1.754489e-03	2.590822e-01
-2.572656e+00	1.866451e-03	2.675123e-01
-2.558750e+00	2.344043e-03	2.762167e-01
-2.544844e+00	2.545879e-03	2.852044e-01
-2.530937e+00	2.501336e-03	2.944845e-01
-2.517031e+00	2.217952e-03	3.040666e-01
-2.503125e+00	1.678129e-03	3.139605e-01
-2.489219e+00	1.926800e-03	3.241763e-01
-2.475312e+00	2.379408e-03	3.347245e-01
-2.461406e+00	2.502179e-03	3.456159e-01
-2.447500e+00	2.427829e-03	3.568617e-01
-2.433594e+00	2.010549e-03	3.684735e-01
-2.419688e+00	1.699392e-03	3.804631e-01
-2.405781e+00	2.051397e-03	3.928428e-01
-2.391875e+00	2.443407e-03	4.056253e-01
-2.377969e+00	2.581715e-03	4.188237e-01
-2.364063e+00	2.408988e-03	4.324516e-01
-2.350156e+00	1.890556e-03	4.465229e-01
-2.336250e+00	1.723378e-03	4.610521e-01
-2.322344e+00	2.237950e-03	4.760540e-01
-2.308437e+00	2.485402e-03	4.915441e-01
-2.294531e+00	2.540576e-03	5.075382e-01
-2.280625e+00	2.278548e-03	5.240527e-01
-2.266719e+00	1.866774e-03	5.411046e-01
-2.252812e+00	1.842685e-03	5.587114e-01
-2.238906e+00	2.312797e-03	5.768910e-01
-2.225000e+00	2.553660e-03	5.956621e-01
-2.211094e+00	2.502420e-03	6.150441e-01
-2.197188e+00	2.140665e-03	6.350567e-01
-2.183281e+00	1.665683e-03	6.557205e-01
-2.169375e+00	1.966338e-03	6.770566e-01
-2.155469e+00	2.433081e-03	6.990870e-01
-2.141562e+00	2.569920e-03	7.218343e-01
-2.127656e+00	2.433367e-03	7.453217e-01
-2.113750e+00	2.067126e-03	7.695733e-01
-2.099844e+00	1.734602e-03	7.946141e-01
-2.085937e+00	2.119438e-03	8.204696e-01
-2.072031e+00	2.513918e-03	8.471665e-01
-2.058125e+00	2.574469e-03	8.747320e-01
-2.044219e+00	2.345503e-03	9.031944e-01
-2.030312e+00	1.962074e-03	9.325830e-01
-2.016406e+00	1.783324e-03	9.629279e-01
-2.002500e+00	2.244045e-03	9.942601e-01
-1.988594e+00	2.483001e-03	1.026612e+00
-1.974688e+00	2.546263e-03	1.060016e+00
-1.960781e+00	2.361333e-03	1.094508e+00
-1.946875e+00	1.848833e-03	1.130121e+00
-1.932969e+00	1.851142e-03	1.166894e+00
-1.919062e+00	2.415414e-03	1.204863e+00
-1.905156e+00	2.545221e-03	1.244067e+00
-1.891250e+00	2.457631e-03	1.284547e+00
-1.877344e+00	2.142858e-03	1.326344e+00
-1.863437e+00	1.711560e-03	1.369501e+00
-1.849531e+00	1.928942e-03	1.414063e+00
-1.835625e+00	2.416393e-03	1.460074e+00
-1.821719e+00	2.531120e-03	1.507583e+00
-1.807813e+00	2.506800e-03	1.556638e+00
-1.793906e+00	2.052188e-03	1.607288e+00
-1.780000e+00	1.806200e-03	1.659587e+00
-1.766094e+00	2.079152e-03	1.713587e+00
-1.752187e+00	2.449065e-03	1.769345e+00
-1.738281e+00	2.518554e-03	1.826917e+00
-1.724375e+00	2.350803e-03	1.886362e+00
-1.710469e+00	1.872474e-03	1.947741e+00
-1.696562e+00	1.734086e-03	2.011118e+00
-1.682656e+00	2.217947e-03	2.076556e+00
-1.668750e+00	2.538434e-03	2.144125e+00
-1.654844e+00	2.534398e-03	2.213891e+00
-1.640937e+00	2.315708e-03	2.285928e+00
-1.627031e+00	1.830061e-03	2.360308e+00
-1.613125e+00	1.807180e-03	2.437109e+00
-1.599219e+00	2.284499e-03	2.516409e+00
-1.585313e+00	2.468462e-03	2.598289e+00
-1.571406e+00	2.463300e-03	2.682834e+00
-1.557500e+00	2.164807e-03	2.770129e+00
-1.543594e+00	1.730436e-03	2.860265e+00
-1.529687e+00	1.930821e-03	2.953334e+00
-1.515781e+00	2.446244e-03	3.049431e+00
-1.501875e+00	2.488279e-03	3.148654e+00
-1.487969e+00	2.492508e-03	3.251107e+00
-1.474062e+00	2.063702e-03	3.356893e+00
-1.460156e+00	1.790524e-03	3.466121e+00
-1.446250e+00	2.069921e-03	3.578904e+00
-1.432344e+00	2.410547e-03	3.695356e+00
-1.418438e+00	2.517281e-03	3.815597e+00
-1.404531e+00	2.347581e-03	3.939751e+00
-1.390625e+00	1.959298e-03	4.067944e+00
-1.376719e+00	1.783259e-03	4.200309e+00
-1.362812e+00	2.257933e-03	4.336981e+00
-1.348906e+00	2.565972e-03	4.478100e+00
-1.335000e+00	2.508758e-03	4.623810e+00
-1.321094e+00	2.273067e-03	4.774262e+00
-1.307187e+00	1.749114e-03	4.929609e+00
-1.293281e+00	1.800141e-03	5.090011e+00
-1.279375e+00	2.294309e-03	5.255633e+00
-1.265469e+00	2.481806e-03	5.426643e+00
-1.251563e+00	2.485337e-03	5.603218e+00
-1.237656e+00	2.084807e-03	5.785538e+00
-1.223750e+00	1.682946e-03	5.973791e+00
-1.209844e+00	2.004649e-03	6.168169e+00
-1.195937e+00	2.425904e-03	6.368872e+00
-1.182031e+00	2.565303e-03	6.576105e+00
-1.168125e+00	2.468484e-03	6.790082e+00
-1.154219e+00	2.075275e-03	7.011021e+00
-1.140313e+00	1.647502e-03	7.239149e+00
-1.126406e+00	2.082442e-03	7.474700e+00
-1.112500e+00	2.521246e-03	7.717915e+00
-1.098594e+00	2.498784e-03	7.969044e+00
-1.084687e+00	2.351183e-03	8.228345e+00
-1.070781e+00	1.952562e-03	8.496083e+00
-1.056875e+00	1.758959e-03	8.772533e+00
-1.042969e+00	2.211333e-03	9.057978e+00
-1.029062e+00	2.565520e-03	9.352711e+00
-1.015156e+00	2.523667e-03	9.657034e+00
-1.001250e+00	2.288086e-03	9.971259e+00
-9.873438e-01	1.786769e-03	1.029571e+01
-9.734375e-01	1.840953e-03	1.063072e+01
-9.595312e-01	2.292550e-03	1.097662e+01
-9.456250e-01	2.565786e-03	1.133379e+01
-9.317188e-01	2.485404e-03	1.170257e+01
-9.178125e-01	2.210366e-03	1.208335e+01
-9.039062e-01	1.716685e-03	1.247653e+01
-8.900000e-01	1.974295e-03	1.288250e+01
-8.760937e-01	2.484986e-03	1.330167e+01
-8.621875e-01	2.539333e-03	1.373449e+01
-8.482812e-01	2.438761e-03	1.418139e+01
-8.343750e-01	2.001004e-03	1.464283e+01
-8.204687e-01	1.765324e-03	1.511928e+01
-8.065625e-01	2.059065e-03	1.561124e+01
-7.926562e-01	2.454860e-03	1.611921e+01
-7.787500e-01	2.507883e-03	1.664370e+01
-7.648437e-01	2.299513e-03	1.718527e+01
-7.509375e-01	1.984420e-03	1.774445e+01
-7.370312e-01	1.728447e-03	1.832183e+01
-7.231250e-01	2.244267e-03	1.891799e+01
-7.092188e-01	2.516868e-03	1.953355e+01
-6.953125e-01	2.478180e-03	2.016915e+01
-6.814062e-01	2.229340e-03	2.082542e+01
-6.675000e-01	1.744500e-03	2.150305e+01
-6.535937e-01	1.833868e-03	2.220272e+01
-6.396875e-01	2.312457e-03	2.292517e+01
-6.257812e-01	2.547608e-03	2.367112e+01
-6.118750e-01	2.482002e-03	2.444134e+01
-5.979687e-01	2.220530e-03	2.523662e+01
-5.840625e-01	1.772158e-03	2.605779e+01
-5.701562e-01	1.967971e-03	2.690567e+01
-5.562500e-01	2.417965e-03	2.778114e+01
-5.423437e-01	2.493410e-03	2.868509e+01
-5.284375e-01	2.467950e-03	2.961846e+01
-5.145312e-01	2.094019e-03	3.058220e+01
-5.006250e-01	1.717422e-03	3.157730e+01
-4.867187e-01	2.104912e-03	3.260478e+01
-4.728125e-01	2.448877e-03	3.366569e+01
-4.589062e-01	2.550350e-03	3.476112e+01
-4.450000e-01	2.450541e-03	3.589219e+01
-4.310937e-01	1.990640e-03	3.706007e+01
-4.171875e-01	1.784688e-03	3.826595e+01
-4.032813e-01	2.304870e-03	3.951107e+01
-3.893750e-01	2.507507e-03	4.079670e+01
-3.754687e-01	2.494515e-03	4.212416e+01
-3.615625e-01	2.289230e-03	4.349482e+01
-3.476562e-01	1.735430e-03	4.491007e+01
-3.337500e-01	1.832993e-03	4.637138e+01
-3.198437e-01	2.371026e-03	4.788023e+01
-3.059375e-01	2.551721e-03	4.943818e+01
-2.920312e-01	8.835487e-01	5.104683e+01
-2.781250e-01	1.162704e+00	5.270781e+01
-2.642188e-01	1.406958e+00	5.442285e+01
-2.503125e-01	1.593732e+00	5.619368e+01
-2.364062e-01	1.752066e+00	5.802214e+01
-2.225000e-01	1.954436e+00	5.991009e+01
-2.085937e-01	2.206899e+00	6.185948e+01
-1.946875e-01	2.449131e+00	6.387229e+01
-1.807813e-01	2.737451e+00	6.595060e+01
-1.668750e-01	3.067322e+00	6.809653e+01
-1.529687e-01	3.408652e+00	7.031229e+01
-1.390625e-01	3.994251e+00	7.260015e+01
-1.251562e-01	4.697534e+00	7.496245e+01
-1.112500e-01	5.532220e+00	7.740161e+01
-9.734375e-02	6.807145e+00	7.992014e+01
-8.343750e-02	8.425988e+00	8.252062e+01
-6.953125e-02	1.104346e+01	8.520572e+01
-5.562500e-02	1.547654e+01	8.797819e+01
-4.171875e-02	2.254153e+01	9.084086e+01
-2.781250e-02	3.345893e+01	9.379669e+01
-1.390625e-02	8.469766e+01	9.684869e+01
